NameSet,Number,Surname,GivenName,MiddleInitial,StreetAddress,ZipCode,EmailAddress,Username,TelephoneNumber,Centimeters,Kilograms,Birthday,Company,NationalID
American,1,Benoit,Lauren,P,"2663 Oakdale Avenue",33868,LaurenPBenoit@cuvox.de,Scondlefory,863-512-6523,166,78.4,2/23/1968,"Crazy Tiger",767-18-3049
American,2,Pierce,Phyllis,M,"2716 Cerullo Road",40202,PhyllisMPierce@jourrapide.com,Refricen,502-469-0910,169,58.3,5/21/1989,"Reliable Investments",404-54-8354
American,3,Jones,Mark,M,"2103 Stockert Hollow Road",98109,MarkMJones@jourrapide.com,Sherack85,425-954-3126,183,72.4,3/20/1985,"Endicott Johnson",535-76-5558
American,4,Richardson,Candice,D,"1801 Tail Ends Road",54301,CandiceDRichardson@teleworm.us,Veleelf,920-569-2556,172,60.7,8/5/1994,"Total Sources",399-76-4435
American,5,Owens,Larry,S,"4136 Chardonnay Drive",98161,LarrySOwens@armyspy.com,Thetund,360-259-1544,177,73.0,5/27/1967,"Eagle Food Centers",538-68-7134
American,6,Irwin,Nancy,G,"2737 Moore Avenue",76272,NancyGIrwin@armyspy.com,Undis1942,817-726-4053,154,94.5,3/20/1942,"Gas Depot",451-41-5456
American,7,Lawrence,Linda,G,"4019 Saint Marys Avenue",13224,LindaGLawrence@gustr.com,Ninsat,315-796-8815,156,96.3,2/20/1962,"Parade of Shoes",052-20-7764
American,8,Leone,Paula,J,"931 Dawson Drive",72212,PaulaJLeone@armyspy.com,Givand,501-868-5121,167,65.0,11/7/1964,"Federated Group",431-49-0467
American,9,Pinkham,Michele,A,"4293 Sumner Street",90045,MicheleAPinkham@einrot.com,Brelf1989,310-649-7397,168,84.2,5/25/1989,"The Independent Planners",552-48-0726
American,10,Key,Clara,F,"4530 Saint Clair Street",39213,ClaraFKey@rhyta.com,Ainal1986,662-614-5956,158,102.5,2/4/1986,"Mr. Steak",587-55-8360
American,11,Franklin,Andrew,J,"4691 Stoneybrook Road",32810,AndrewJFranklin@fleckens.hu,Thuthe,321-525-7798,170,78.4,2/17/1959,Hastings,593-27-2170
American,12,Thiel,Anthony,P,"4961 Worley Avenue",23227,AnthonyPThiel@cuvox.de,Swersocing,434-533-6352,169,106.5,5/30/1997,"Just For Feet",231-71-9408
American,13,Sobers,Douglas,B,"4678 Lang Avenue",84720,DouglasBSobers@jourrapide.com,Bendind,435-865-6917,174,115.9,10/1/1968,"Lionel Kiddie City",647-48-0262
American,14,Schmid,Lynn,B,"4902 Meadow Lane",94520,LynnBSchmid@teleworm.us,Insconothe1941,707-287-0198,162,65.5,6/23/1941,"The Independent Planners",567-87-1253
American,15,Boston,Jesse,J,"4806 Brown Street",94596,JesseJBoston@teleworm.us,Squen1979,925-938-5529,175,74.7,2/27/1979,Prestiga-Biz,562-25-2242
American,16,Brown,Vicente,M,"1489 Alfred Drive",17111,VicenteMBrown@superrito.com,Nothat,717-994-7541,174,69.5,1/17/1971,"Magna Wealth",201-70-5163
American,17,Winland,Brant,J,"2543 Paradise Lane",92501,BrantJWinland@armyspy.com,Sterty77,909-690-8402,184,78.7,3/7/1977,"Zany Brainy",554-24-3391
American,18,Lukasik,Michael,A,"2199 Commerce Boulevard",68701,MichaelALukasik@jourrapide.com,Rill1944,402-518-0027,163,74.7,9/29/1944,"Super Saver Foods",508-34-5533
American,19,Hirsch,Dustin,M,"3896 Raoul Wallenberg Place",06902,DustinMHirsch@teleworm.us,Lerning,203-828-4413,181,111.4,9/27/1958,"Bold Ideas",042-74-7215
American,20,Chandler,Kathleen,T,"240 Pleasant Hill Road",33463,KathleenTChandler@cuvox.de,Sagen1943,561-926-0852,164,63.6,12/22/1943,"Federated Group",266-62-8252
American,21,Charles,Matthew,G,"1990 Nancy Street",27601,MatthewGCharles@rhyta.com,Inct1962,919-551-6770,177,76.9,1/12/1962,"Pay 'N Pak",244-82-6147
American,22,Leblanc,Patrick,N,"74 Lyon Avenue",02110,PatrickNLeblanc@superrito.com,Thicia,508-960-5097,159,76.7,4/12/1986,"Gas Depot",021-26-9077
American,23,Smith,Hayley,L,"84 Glenview Drive",77901,HayleyLSmith@jourrapide.com,Harome,361-575-2376,153,70.6,11/13/1944,Chargepal,455-56-9713
American,24,Brennan,Jennifer,A,"2962 Illinois Avenue",97230,JenniferABrennan@gustr.com,Boble1989,503-730-9814,167,64.6,4/20/1989,Flexus,544-57-0683
American,25,Ayers,Shawn,A,"1038 Davis Place",43537,ShawnAAyers@fleckens.hu,Hineen,419-250-4871,184,89.9,3/31/1969,AdventureSports!,288-76-2896
American,26,Grahm,John,H,"3178 Southern Avenue",50616,JohnHGrahm@jourrapide.com,Lopery,641-228-0698,177,99.5,9/8/1967,"Frame Scene",484-88-1523
American,27,Rodriquez,Amanda,T,"613 Mesa Drive",89032,AmandaTRodriquez@superrito.com,Truces,702-343-6014,172,97.1,1/14/1997,Fretter,680-50-9955
American,28,Rodgers,Margaret,J,"3403 Valley Lane",78704,MargaretJRodgers@fleckens.hu,Alent1942,512-707-6992,153,66.0,1/2/1942,"Showbiz Pizza Place",636-30-0048
American,29,Dalrymple,John,A,"678 Maxwell Farm Road",96001,JohnADalrymple@rhyta.com,Froustommer1995,530-945-3709,187,70.9,9/17/1995,"Vitamax Health Food Center",547-76-1147
American,30,Garcia,William,A,"2838 May Street",40965,WilliamAGarcia@rhyta.com,Wolk1993,606-246-3240,181,96.2,1/10/1993,"Farmer Jack",402-41-8248
American,31,McFadden,Naomi,D,"3745 Ashton Lane",78701,NaomiDMcFadden@cuvox.de,Beadis,512-536-6637,157,86.9,5/11/1972,"Electric Avenue",451-76-7856
American,32,Klein,Freida,R,"693 Brannon Street",90014,FreidaRKlein@rhyta.com,Yountand,213-234-8262,160,74.1,10/12/1959,"Balanced Fortune",610-39-6488
American,33,Waldman,Ellen,M,"4002 Deer Haven Drive",29655,EllenMWaldman@einrot.com,Prictien,864-352-2221,167,52.5,6/12/1946,"Life's Gold",250-37-5658
American,34,Galloway,Dennis,S,"691 Deercove Drive",75074,DennisSGalloway@rhyta.com,Exuated,214-925-6490,182,100.8,11/21/1933,"Creative Wealth",462-72-4860
American,35,Gilmore,Deanna,R,"1568 Woodland Terrace",95630,DeannaRGilmore@gustr.com,Fronly58,916-933-6256,161,91.2,4/19/1958,"Honest Air Group",603-52-6660
American,36,Herndon,Gary,E,"3569 Heavner Court",11101,GaryEHerndon@cuvox.de,Berldn,516-282-8857,185,78.8,9/19/1991,"Cardinal Stores",106-80-6073
American,37,Wallace,Gregory,K,"3608 Lindale Avenue",94541,GregoryKWallace@fleckens.hu,Sivent1985,510-582-6936,190,108.4,10/14/1985,"Rose Records",625-70-6404
American,38,Chase,Clyde,M,"2375 Goldcliff Circle",20024,ClydeMChase@armyspy.com,Juticappithe00,202-646-7205,174,85.5,1/31/2000,"Home Quarters Warehouse",579-02-5831
American,39,Glasser,Yvonne,G,"791 New Street",97232,YvonneGGlasser@superrito.com,Crong1940,541-300-4082,164,65.1,2/27/1940,"Just For Fun",543-19-5460
American,40,Waters,Jessica,R,"1822 Alpha Avenue",32246,JessicaRWaters@armyspy.com,Bonly1986,904-218-6755,172,83.3,2/20/1986,"Pro Garden Management",262-14-0856
American,41,Wilson,Bettie,K,"1073 Hart Street",06182,BettieKWilson@einrot.com,Grequitairs,860-316-0370,174,95.9,5/25/1978,"Monk Home Loans",043-38-9644
American,42,Dorsey,Mildred,R,"725 Polk Street",85701,MildredRDorsey@fleckens.hu,Twoment,520-792-6641,159,76.3,1/1/1950,"Showbiz Pizza Place",764-50-1107
American,43,Ali,Thomas,M,"3907 Oak Ridge Drive",63468,ThomasMAli@rhyta.com,Witheat,573-588-1693,179,86.5,4/25/1979,Sambo's,492-66-8316
American,44,Pendleton,Corey,C,"2648 Oakridge Farm Lane",53202,CoreyCPendleton@cuvox.de,Sooke1937,262-299-1645,178,67.8,12/27/1937,Hoyden,397-07-2833
American,45,Walker,Rose,J,"3757 Hewes Avenue",21202,RoseJWalker@gustr.com,Stolliffind,443-601-0856,157,84.6,12/12/1976,"L.L. Berger",216-26-8797
American,46,Fowler,Valerie,R,"26 Lynn Avenue",54701,ValerieRFowler@armyspy.com,Cleaskulty,715-555-8858,157,75.3,4/8/1979,Veramons,394-42-0507
American,47,Rose,Paul,P,"3786 Garfield Road",61602,PaulPRose@superrito.com,Ound1983,309-642-8860,182,111.7,9/7/1983,"Eagle Food Centers",353-24-5808
American,48,Nazario,Fred,N,"198 Coffman Alley",42001,FredNNazario@fleckens.hu,Herfulity,270-771-6432,175,112.4,10/25/1982,"Record Bar",403-06-2597
American,49,Garcia,Donald,I,"3710 Red Hawk Road",56303,DonaldIGarcia@gustr.com,Drusectur,320-722-3918,177,94.7,9/17/1934,"J. Riggings",476-42-7322
American,50,Bucher,Carlos,J,"1197 Poplar Street",60650,CarlosJBucher@rhyta.com,Acquied,708-795-1414,189,86.5,12/21/1987,"Robinson Furniture",359-78-7657
American,51,Boyce,Michael,N,"4470 Stratford Drive",96730,MichaelNBoyce@teleworm.us,Bouthad,808-237-4076,176,95.3,12/7/1991,Brendle's,750-01-9801
American,52,Hardy,Timothy,M,"2639 School Street",06830,TimothyMHardy@cuvox.de,Youghoor97,203-769-1719,182,82.1,4/15/1997,Lazysize,042-50-9572
American,53,Gillette,Andre,C,"1369 Elk City Road",71457,AndreCGillette@jourrapide.com,Himmors,318-238-3162,166,66.5,10/30/1958,"PriceRite Warehouse Club",661-05-3109
American,54,Siciliano,Kellie,M,"3902 Carolyns Circle",75208,KellieMSiciliano@dayrep.com,Eard1933,214-715-5826,158,80.3,8/21/1933,"Simply Save",461-69-4408
American,55,Miller,Herschel,M,"3800 Junior Avenue",30328,HerschelMMiller@dayrep.com,Onewalre1942,404-573-2613,176,92.1,7/15/1942,"Fresh Start",255-89-7281
American,56,Winslow,Christina,M,"4482 Ingram Road",27288,ChristinaMWinslow@gustr.com,Hase1965,336-635-6397,156,91.5,5/12/1965,"National Tea",245-95-3817
American,57,Gray,Sarah,F,"4355 Milford Street",03103,SarahFGray@armyspy.com,Thaveres,603-725-3935,153,76.5,5/20/1956,Netobill,001-01-9072
American,58,McClaran,Tyler,S,"4730 Webster Street",07724,TylerSMcClaran@superrito.com,Horemill,732-544-5866,170,97.0,1/25/1976,"Solid Future",148-07-9141
American,59,Morris,Brittany,R,"4983 Lakeland Terrace",48075,BrittanyRMorris@jourrapide.com,Joho1956,734-360-7119,172,92.7,8/17/1956,"Best Products",368-19-6827
American,60,Sanders,Tom,L,"4326 Williams Lane",67226,TomLSanders@teleworm.us,Derithe,316-630-7141,181,79.8,8/16/1937,"Leonard Krower & Sons",514-46-4836
American,61,Humble,Jeremy,L,"1284 Hedge Street",07087,JeremyLHumble@cuvox.de,Poot1938,908-645-8008,170,73.9,8/18/1938,"Honest Air Group",138-56-1132
American,62,Court,Harold,W,"3534 Grand Avenue",32733,HaroldWCourt@rhyta.com,Cleat1988,407-681-0558,169,80.7,9/15/1988,"Omni Architectural Designs",264-88-9991
American,63,Hartz,Lauren,M,"2104 Mutton Town Road",98368,LaurenMHartz@gustr.com,Fuld1936,360-643-1168,159,87.2,4/3/1936,Mikrotechnic,537-36-3128
American,64,Gallegos,Phillip,K,"1150 Davis Lane",80112,PhillipKGallegos@cuvox.de,Whimor,720-291-7586,169,91.1,5/9/1939,"Brand Names",521-40-8021
American,65,Bonner,Walter,J,"3808 Poplar Avenue",92032,WalterJBonner@dayrep.com,Stemblitrand,619-575-6115,174,63.7,6/10/1950,"Netstars Matrix Design",621-60-9908
American,66,Zeigler,Linda,W,"1457 Whiteman Street",08060,LindaWZeigler@fleckens.hu,Droutich1954,609-914-7540,163,99.2,10/25/1954,Sportmart,156-60-2121
American,67,Cortright,Anne,C,"467 Cecil Street",60605,AnneCCortright@cuvox.de,Folen1956,312-307-4429,159,59.9,10/21/1956,"Nelson Brothers",329-96-9119
American,68,Sales,Pearl,H,"4958 Lakewood Drive",07047,PearlHSales@jourrapide.com,Priagenction,201-861-1194,171,75.8,10/19/1997,"Audio Visions",151-40-0569
American,69,Coleman,Elicia,W,"2080 Briarwood Road",65604,EliciaWColeman@armyspy.com,Goor1945,417-751-1601,164,60.0,6/22/1945,Datacorp,487-19-9944
American,70,Sanchez,Richard,D,"3096 Hope Street",97223,RichardDSanchez@einrot.com,Farome,971-732-2580,172,74.9,10/30/1965,"Audio Aid",541-60-7404
American,71,Moore,Stewart,W,"184 Scenicview Drive",75751,StewartWMoore@teleworm.us,Madicim,430-984-9779,183,64.3,3/28/1946,"Formula Grey",464-67-4432
American,72,Ellison,Arthur,M,"4148 Tipple Road",19140,ArthurMEllison@fleckens.hu,Shentaked,215-707-8128,163,95.1,3/4/1936,"Life's Gold",164-72-6934
American,73,Tapia,Anne,J,"3479 Woodhill Avenue",21202,AnneJTapia@superrito.com,Drandrus,410-846-3482,160,52.7,6/14/1983,"Sanitary Grocery Stores",215-16-8076
American,74,Crichton,Ma,W,"343 Cabell Avenue",22079,MaWCrichton@einrot.com,Himant,703-551-8115,158,65.7,7/6/1978,"Integra Wealth Planners",231-37-1040
American,75,Hayes,Manuel,C,"2911 Powder House Road",33417,ManuelCHayes@rhyta.com,Turnintionce,561-582-4067,182,103.8,1/13/1963,Quickbiz,592-07-8567
American,76,Graves,James,R,"3699 Raver Croft Drive",37421,JamesRGraves@dayrep.com,Slingly,423-553-9686,183,92.6,8/28/1945,"Dee's Drive-In",756-01-5258
American,77,Horak,Alfredo,B,"1063 Milford Street",03053,AlfredoBHorak@cuvox.de,Morlithe,603-674-4159,167,79.5,8/20/1946,"Wickes Furniture",003-05-6326
American,78,Hernandez,Jared,L,"4782 Hope Street",75204,JaredLHernandez@cuvox.de,Afterice,972-212-4950,167,83.9,5/5/1939,"Star Assistance",466-42-9358
American,79,Culligan,Rose,P,"1556 Thompson Street",90248,RosePCulligan@gustr.com,Romint,562-650-2027,155,80.2,11/10/1967,"Cala Foods",612-74-4628
American,80,Pegram,Barbara,R,"277 Edwards Street",27834,BarbaraRPegram@teleworm.us,Fladdre,252-830-0740,160,50.1,11/25/1956,Ardan's,246-94-5622
American,81,Rogers,Eugene,M,"3879 Hartway Street",57702,EugeneMRogers@dayrep.com,Hapse1947,605-718-0750,172,79.0,9/6/1947,Lum's,504-52-3469
American,82,Parrish,Mary,D,"4000 Spadafore Drive",16424,MaryDParrish@superrito.com,Nepre1937,814-683-2378,164,66.3,9/16/1937,"Electric Avenue",163-07-8457
American,83,Davidson,Patricia,J,"1352 Hidden Pond Road",37201,PatriciaJDavidson@einrot.com,Liffiller,615-694-7760,167,86.1,7/18/1956,"Custom Sound",409-40-0804
American,84,Crosswhite,Lori,T,"3867 Maple Street",92683,LoriTCrosswhite@superrito.com,Nowas1950,714-372-0937,159,68.6,12/5/1950,Sampson's,620-11-5901
American,85,Rebello,Peggy,R,"2391 Langtown Road",43609,PeggyRRebello@jourrapide.com,Wayettery1966,567-201-2811,163,104.4,9/27/1966,"Compact Disc Center",291-48-0405
American,86,Washington,Aaron,J,"4853 Thorn Street",82801,AaronJWashington@armyspy.com,Tutes1966,307-675-6377,188,69.1,4/14/1966,"Omni Source",520-43-4130
American,87,Jackson,Denise,B,"1654 Finwood Road",08863,DeniseBJackson@armyspy.com,Exiony,732-417-9325,173,88.7,10/14/1985,"Rolling Thunder",149-26-9536
American,88,Ziemer,Denise,G,"4169 Tavern Place",26505,DeniseGZiemer@dayrep.com,Suabt1949,304-203-3688,154,83.6,11/19/1949,"Sounds Great, Inc",235-32-4343
American,89,Williams,James,R,"3950 Layman Court",30201,JamesRWilliams@gustr.com,Ingete40,678-339-1931,175,82.7,11/19/1940,"Mr Fables",674-12-9752
American,90,Cooper,Helen,B,"4551 Lyon Avenue",02601,HelenBCooper@rhyta.com,Yazzle,508-957-0595,162,79.0,5/4/1935,"Star Interior Design",025-74-3224
American,91,Amos,Charles,J,"2916 Cityview Drive",18067,CharlesJAmos@superrito.com,Thireas,610-438-3739,182,96.4,3/28/1990,"Asian Answers",160-18-6210
American,92,Rust,Roberta,R,"1801 Modoc Alley",83263,RobertaRRust@cuvox.de,Ragrateakent,208-840-1781,163,66.5,10/28/1935,"Larry's Markets",519-17-5520
American,93,Sanders,Brian,F,"3228 Garfield Road",61455,BrianFSanders@armyspy.com,Asequou,309-705-0003,173,71.5,8/2/1939,"Ukrop's Super Market",337-28-3139
American,94,Glenn,Delores,D,"4866 Ross Street",62239,DeloresDGlenn@gustr.com,Toorse,618-286-5439,166,81.8,11/21/1974,"EXPO Design Center",344-44-6937
American,95,Parkinson,Ethel,A,"1241 Southern Avenue",50401,EthelAParkinson@einrot.com,Dris1937,641-423-5476,160,82.5,2/10/1937,"On Cue",479-33-5187
American,96,Keane,Elmer,P,"1748 Rodney Street",63146,ElmerPKeane@jourrapide.com,Stione,636-497-0418,164,66.3,2/23/1947,"Showbiz Pizza Place",499-80-3623
American,97,Moore,Amy,A,"4554 Farm Meadow Drive",38574,AmyAMoore@jourrapide.com,Heausuce,931-239-0803,161,59.9,3/23/1937,"Super Saver Foods",756-01-8891
American,98,Young,Ann,M,"542 Whispering Pines Circle",75240,AnnMYoung@superrito.com,Cargeople,972-404-3677,166,87.6,6/1/1994,"Omni Tech",465-51-5687
American,99,Cromer,Whitney,R,"896 Goodwin Avenue",99163,WhitneyRCromer@gustr.com,Annessare,509-332-8330,161,77.6,3/15/1990,"China Coast",532-40-2460
American,100,Early,Willie,P,"3220 Hilltop Street",01103,WilliePEarly@rhyta.com,Porge1953,413-672-8509,170,64.8,6/12/1953,"Zany Brainy",024-16-7299
American,101,Holloway,Mary,J,"4918 Ferguson Street",01740,MaryJHolloway@cuvox.de,Tere1990,508-524-8186,167,100.5,8/5/1990,Adaptaz,019-01-0220
American,102,White,Curtis,C,"267 Redbud Drive",10011,CurtisCWhite@superrito.com,Liffe1981,347-694-3524,173,63.0,3/22/1981,"Garden Guru",088-52-2207
American,103,Coleman,Kay,J,"773 Capitol Avenue",46204,KayJColeman@dayrep.com,Senguen,765-512-8182,157,66.7,1/6/1959,"Block Distributors",311-42-5356
American,104,Leach,Susan,J,"3986 Prospect Street",08021,SusanJLeach@dayrep.com,Unced1961,856-651-3632,165,59.8,5/2/1961,"Maloley's Finer Foods",144-74-9164
American,105,Cox,Eugene,L,"2628 Grant Street",75551,EugeneLCox@einrot.com,Wartime,903-799-9902,181,79.2,5/17/1997,Sandy's,629-54-7561
American,106,Hoy,Nichole,R,"2164 Mount Olive Road",30303,NicholeRHoy@einrot.com,Atileture,678-926-6911,160,100.9,8/28/1982,"Prahject Planner",668-07-7346
American,107,Johnson,Lawrence,M,"4974 Rivendell Drive",44203,LawrenceMJohnson@rhyta.com,Hican1962,330-848-8431,177,69.4,11/8/1962,"Disc Jockey",272-62-0066
American,108,Green,Paula,J,"3604 Dovetail Estates",74766,PaulaJGreen@gustr.com,Brinclact,580-981-9391,156,75.1,6/17/1951,"CSK Auto",447-12-4627
American,109,Wilhite,Edwin,R,"1674 Abia Martin Drive",11590,EdwinRWilhite@jourrapide.com,Cese1987,631-523-6401,186,95.6,9/14/1987,"De Pinna",089-07-0434
American,110,Smith,Spencer,M,"1052 Smithfield Avenue",79321,SpencerMSmith@gustr.com,Romek1948,806-657-3142,172,69.6,6/22/1948,"Alpha Beta",451-28-2922
American,111,Sanchez,Tracie,P,"3574 Hayhurst Lane",48302,TraciePSanchez@fleckens.hu,Truiates1966,248-821-3834,154,99.6,5/18/1966,Angel's,378-70-2929
American,112,Stang,Sarah,S,"4067 Ritter Avenue",48302,SarahSStang@dayrep.com,Panduch,586-668-2828,171,85.2,10/2/1962,"Team Electronics",374-05-5669
American,113,Ortega,Jacqueline,J,"3494 Davisson Street",47932,JacquelineJOrtega@teleworm.us,Sietaing,765-793-5643,173,75.3,8/12/1974,Heslop's,317-09-2226
American,114,Stadler,Amy,J,"1642 Quiet Valley Lane",91301,AmyJStadler@cuvox.de,Randuce1948,818-879-4289,170,78.3,12/28/1948,"Clemens Markets",610-19-8977
American,115,Roberts,Marion,V,"3498 Leroy Lane",40391,MarionVRoberts@einrot.com,Aske1959,606-200-8348,178,63.5,5/20/1959,"Albers Super Markets",405-07-9793
American,116,Sheridan,James,A,"186 Bingamon Road",44128,JamesASheridan@einrot.com,Thicileares1934,440-534-3775,167,84.5,5/19/1934,"Carrols Restaurant Group",295-11-6295
American,117,Bautista,Christopher,V,"661 Angie Drive",92683,ChristopherVBautista@dayrep.com,Saive1944,714-894-6010,163,72.4,10/13/1944,Erol's,564-93-0542
American,118,Hamilton,Walter,T,"1745 Rhode Island Avenue",22070,WalterTHamilton@rhyta.com,Coguld,202-386-8516,166,89.8,2/22/1967,VitaGrey,579-92-4130
American,119,Warren,James,L,"2226 Flinderation Road",60191,JamesLWarren@rhyta.com,Agover,708-406-6157,175,101.5,1/19/1954,"Gene Walter's Marketplace",329-76-4456
American,120,Kendrick,David,C,"405 Holly Street",30601,DavidCKendrick@fleckens.hu,Mances,706-227-3411,184,94.6,11/23/1945,"Pay'N Takeit",667-07-2553
American,121,Edwards,Mildred,A,"4492 Khale Street",29461,MildredAEdwards@teleworm.us,Conquar,843-565-0689,161,64.6,7/20/1998,"Network Air",251-80-3899
American,122,Sumner,Angela,P,"2887 Ruckman Road",73601,AngelaPSumner@einrot.com,Verl1960,405-829-0223,153,90.7,9/21/1960,"Sun Foods",441-19-9231
American,123,Strode,Ralph,D,"124 Cliffside Drive",14821,RalphDStrode@cuvox.de,Crinew,607-527-1108,183,94.5,12/18/1957,"Life Map",078-90-5817
American,124,Stovall,Tim,J,"2199 Ashford Drive",22304,TimJStovall@superrito.com,Exclem1986,703-635-5979,181,94.6,8/23/1986,"China Coast",691-05-9671
American,125,Crosby,Camille,C,"3079 Pritchard Court",55060,CamilleCCrosby@rhyta.com,Deres1935,507-431-1655,153,83.7,3/15/1935,"Olympic Sports",469-13-3459
American,126,Holcombe,Rachel,G,"3490 Lake Floyd Circle",20783,RachelGHolcombe@einrot.com,Homeen,301-928-9293,166,49.6,2/21/1989,Stratabiz,217-48-3649
American,127,Johnson,John,F,"4851 Cinnamon Lane",78212,JohnFJohnson@dayrep.com,Reords,210-753-7062,172,101.5,3/19/1975,"Auto Works",450-29-7816
American,128,Stanback,Amanda,H,"826 Clarence Court",28306,AmandaHStanback@dayrep.com,Tooffer,910-252-2867,158,81.1,4/26/1934,"Glicks Furniture",683-07-6020
American,129,Stansberry,Elizabeth,J,"2499 Doctors Drive",90247,ElizabethJStansberry@rhyta.com,Hichislon,310-402-0752,166,53.5,1/21/1971,Tradewell,606-76-1961
American,130,Watson,Antonio,D,"4454 Jerome Avenue",78550,AntonioDWatson@einrot.com,Anxiell,956-302-7412,165,102.1,5/11/1957,Silverwoods,641-86-0224
American,131,Perron,Daniel,J,"3270 Green Acres Road",28532,DanielJPerron@dayrep.com,Trows1976,252-463-7083,181,78.0,2/1/1976,"E.J. Korvette",684-03-4694
American,132,Schoen,Harry,L,"1269 Meadow Lane",95485,HarryLSchoen@cuvox.de,Spestook,707-275-5625,164,74.9,5/31/1950,Mervyn's,620-70-6170
American,133,Molina,Oscar,V,"3644 Randolph Street",02132,OscarVMolina@armyspy.com,Farturen,508-728-4340,169,68.7,2/15/1958,"Red Baron Electronics",031-01-8903
American,134,McCauley,Kyle,M,"3130 Stockert Hollow Road",98109,KyleMMcCauley@fleckens.hu,Nothemould,425-903-4583,187,81.3,4/28/1978,"Leonard Krower & Sons",538-35-6799
American,135,Lindsey,Sean,C,"4300 Mulberry Street",75901,SeanCLindsey@armyspy.com,Hableartur,936-676-5543,178,100.4,10/11/1985,"EXPO Design Center",464-16-7427
American,136,Langley,Scott,A,"1389 Hidden Valley Road",17345,ScottALangley@jourrapide.com,Deverecter,717-266-7870,183,99.9,8/18/1938,"Unity Frankford Stores",209-44-6951
American,137,Cummings,Thomas,M,"825 Kenwood Place",33306,ThomasMCummings@fleckens.hu,Famooselly,954-564-7707,173,93.8,12/27/1983,"System Star Solutions",771-14-8272
American,138,Rosenfeld,Jesse,R,"635 Goldcliff Circle",20005,JesseRRosenfeld@armyspy.com,Vage1955,202-564-4995,156,98.2,1/14/1955,"Lechters Housewares",578-06-9769
American,139,Jordan,William,S,"4209 Canis Heights Drive",90071,WilliamSJordan@jourrapide.com,Haturim,213-615-1416,172,98.2,9/4/1939,"Advansed Teksyztems",610-78-8825
American,140,Chambliss,Joan,R,"4977 Sunburst Drive",33908,JoanRChambliss@armyspy.com,Faillie,239-454-8807,154,71.8,7/10/1979,Peaches,261-36-0239
American,141,Franco,Carolyn,R,"3352 Bombardier Way",48075,CarolynRFranco@dayrep.com,Rievered,734-879-3813,159,79.5,11/23/1933,"Helping Hand",384-64-5668
American,142,Chisholm,Jacqueline,E,"4262 Beech Street",94107,JacquelineEChisholm@fleckens.hu,Plithenewark,925-750-8527,168,79.8,8/22/1967,"Our Own Hardware",555-98-3116
American,143,Kohler,John,L,"4958 Roosevelt Street",94612,JohnLKohler@fleckens.hu,Clueer,415-372-5296,185,93.4,3/30/1963,"County Seat",621-55-4919
American,144,Garcia,Christopher,L,"2222 Leroy Lane",57102,ChristopherLGarcia@fleckens.hu,Insittlyse,605-940-4583,162,91.7,1/12/1943,"Carl Durfees",504-06-7729
American,145,Leal,Lorraine,J,"1309 Redbud Drive",10013,LorraineJLeal@superrito.com,Harturch,347-701-1009,164,80.3,2/23/1967,"Integra Investment Plan",129-94-0363
American,146,Pizzo,Edward,D,"4952 Grove Street",11735,EdwardDPizzo@einrot.com,Kneliking,631-752-9830,175,73.5,8/29/1972,"Pantry Pride",077-14-6061
American,147,Trevino,Imelda,R,"2928 Walnut Street",39402,ImeldaRTrevino@fleckens.hu,Exiligh,601-590-8037,158,105.2,3/6/1977,"Rainbow Bay Crafts",587-64-7539
American,148,Dortch,Kathleen,B,"1492 Haven Lane",48185,KathleenBDortch@armyspy.com,Witied,517-673-6152,172,90.9,3/14/1965,"Two Pesos",377-06-6031
American,149,Freed,Lisa,L,"346 Smithfield Avenue",79401,LisaLFreed@einrot.com,Troffee,806-725-9997,155,78.6,11/22/1955,Lechmere,630-64-0193
American,150,Valle,Keith,E,"956 Martha Street",86034,KeithEValle@rhyta.com,Frouths,928-737-3179,178,61.0,1/5/1993,"Star Bright Investment Group",601-31-0794
American,151,Salcido,Corrine,W,"4752 Morgan Street",32301,CorrineWSalcido@dayrep.com,Bobjew,850-431-8701,165,59.6,1/13/1962,"Jeans Unlimited",590-91-0001
American,152,Gibb,Phillip,M,"1725 Broaddus Avenue",42431,PhillipMGibb@armyspy.com,Dinar1940,270-206-4911,181,100.0,1/16/1940,"Chess King",403-74-8524
American,153,Cooper,Milton,J,"3584 Hardesty Street",12953,MiltonJCooper@cuvox.de,Andsor,518-481-0791,166,96.5,3/9/1949,Vari-Tec,131-80-9832
American,154,Hall,Susan,E,"4589 Ocala Street",32801,SusanEHall@armyspy.com,Lisher,407-420-1629,166,76.6,4/26/1951,"Edge Garden Services",770-38-1991
American,155,Barr,Loraine,M,"582 Diamond Street",28202,LoraineMBarr@rhyta.com,Quainged,828-434-1273,167,57.2,1/17/1973,"The Flying Bear",238-77-5663
American,156,Williams,Ryan,H,"277 Edwards Street",28560,RyanHWilliams@armyspy.com,Beele1937,252-665-3993,169,88.3,4/27/1937,"Children's Palace",237-23-8815
American,157,Buehler,Sue,B,"1069 Morgan Street",32340,SueBBuehler@armyspy.com,Carror,850-464-8783,168,84.3,10/16/1955,"Fragrant Flower Lawn Services",591-01-9502
American,158,Wood,Kenneth,J,"3980 Bloomfield Way",04101,KennethJWood@jourrapide.com,Aloost,207-575-2252,180,100.4,3/18/1977,Quickbiz,005-20-6460
American,159,Marquez,Robert,R,"425 Orphan Road",54177,RobertRMarquez@armyspy.com,Timust,715-856-8956,188,104.9,7/21/1967,"Wealthy Ideas",391-14-5966
American,160,Atkinson,Morris,D,"25 Loving Acres Road",66210,MorrisDAtkinson@jourrapide.com,Fromming,816-916-0209,177,94.8,11/5/1962,"Britches of Georgetown",495-30-8970
American,161,Arnold,Donna,E,"1882 Adonais Way",30084,DonnaEArnold@dayrep.com,Knews1976,678-407-0875,170,74.7,9/11/1976,CompuAdd,258-08-6107
American,162,Stelly,Andre,T,"4739 Kuhl Avenue",30188,AndreTStelly@teleworm.us,Prive1954,678-737-4223,165,71.2,7/11/1954,"Great American Music",671-28-1970
American,163,Washington,Billy,R,"3125 Chapel Street",77002,BillyRWashington@dayrep.com,Herhumbrod,281-666-2765,185,66.0,6/2/1950,"Club Wholesale",464-13-8871
American,164,Clark,David,D,"786 Hickory Heights Drive",21076,DavidDClark@rhyta.com,Trinnow,443-864-4656,171,116.4,3/16/1973,"Service Merchandise",220-16-6423
American,165,Hooker,Sharon,P,"1849 Columbia Mine Road",26301,SharonPHooker@jourrapide.com,Ging1976,304-551-8665,174,64.3,12/20/1976,"K's Merchandise",234-64-2032
American,166,Peters,Michael,M,"3602 Victoria Street",60073,MichaelMPeters@superrito.com,Engly1957,224-940-5372,179,99.8,11/13/1957,"Quality Merchant Services",325-64-2756
American,167,White,Alishia,M,"2613 Cityview Drive",18067,AlishiaMWhite@einrot.com,Themake,610-451-3130,160,89.7,11/8/1975,"Sound Advice",167-80-7045
American,168,Merchant,Gerald,M,"1345 Pine Garden Lane",30071,GeraldMMerchant@cuvox.de,Sobsed,770-689-1928,171,78.2,3/3/1983,"L' Fish",259-41-7398
American,169,Fells,Anna,T,"4136 Tavern Place",26003,AnnaTFells@cuvox.de,Combehe,304-221-7940,157,107.9,9/29/1939,"Pender's Food Stores",236-43-0544
American,170,Avila,Teresa,A,"773 Peck Street",03101,TeresaAAvila@teleworm.us,Theral,603-866-7626,171,59.3,10/4/1993,"China Coast",002-44-6331
American,171,Morrison,Tim,B,"865 Nash Street",60605,TimBMorrison@jourrapide.com,Weenducte,312-972-6883,189,89.5,2/12/1980,"Ellman's Catalog Showrooms",326-40-3819
American,172,Harris,Erin,M,"2320 Roy Alley",80002,ErinMHarris@superrito.com,Scompe,303-940-9887,173,57.1,12/21/1998,"Pup 'N' Taco",524-28-2062
American,173,Rodriguez,Larry,S,"1682 Ben Street",48823,LarrySRodriguez@teleworm.us,Vorbith,517-953-5384,172,70.3,10/5/1943,"Good Guys",364-01-1056
American,174,Locklear,Kathleen,S,"1925 Hog Camp Road",60090,KathleenSLocklear@rhyta.com,Nores1939,708-491-8546,152,58.4,10/13/1939,"Auto Works",337-88-0980
American,175,Rigby,Delores,E,"205 Cambridge Drive",85340,DeloresERigby@einrot.com,Goomencirt,623-856-0580,165,73.7,5/27/1982,Opticomp,601-92-9300
American,176,Teran,John,J,"4508 Monroe Avenue",33901,JohnJTeran@fleckens.hu,Afrome,941-655-7334,168,64.4,6/24/1990,"Four Leaf Clover",267-33-2209
American,177,Koonce,Rene,S,"1974 Grand Avenue",32805,ReneSKoonce@armyspy.com,Cationexprot,407-765-6511,168,73.7,5/14/1998,"Cellophane Square",266-02-0725
American,178,Corley,Dominique,M,"503 Fincham Road",91941,DominiqueMCorley@cuvox.de,Doper1957,760-509-4265,160,66.2,12/30/1957,"Pender's Food Stores",555-18-3462
American,179,Isom,Norma,D,"1214 Heritage Road",93721,NormaDIsom@armyspy.com,Quaid1959,559-677-7955,161,87.1,1/23/1959,Monsource,572-09-7341
American,180,Wong,Heather,R,"992 Mattson Street",97204,HeatherRWong@gustr.com,Silcother,503-404-3768,169,70.4,11/20/1981,"Specialty Restaurant Group",540-07-0660
American,181,Hanlon,Robert,W,"2563 Rosewood Court",56001,RobertWHanlon@einrot.com,Youshave,507-344-8102,167,77.8,7/31/1940,Harold's,473-76-9924
American,182,Christensen,Loretta,E,"787 Mapleview Drive",33701,LorettaEChristensen@dayrep.com,Insch1952,727-893-4822,170,91.0,3/29/1952,"WWW Realty",767-18-1995
American,183,Mitchell,James,E,"3859 Hewes Avenue",21201,JamesEMitchell@cuvox.de,Preselle,443-671-8322,168,72.2,10/20/1997,"Micro Design",213-14-8735
American,184,Lawton,Edmund,B,"2164 Bottom Lane",14068,EdmundBLawton@superrito.com,Sionsomeard,716-689-2472,180,89.8,4/7/1937,"Coffey's Market",122-14-9643
American,185,Hartman,Stanley,P,"2372 Willison Street",92123,StanleyPHartman@jourrapide.com,Begraced,760-994-8042,177,76.2,2/5/1946,FamilyMart,548-41-0321
American,186,Dutton,Adam,M,"134 Cantebury Drive",11101,AdamMDutton@armyspy.com,Fairstionly,646-619-5013,186,112.8,1/21/1980,Mikrotechnic,064-76-1250
American,187,Wilson,Helen,G,"3624 Conaway Street",47561,HelenGWilson@armyspy.com,Mignate,812-328-7027,159,77.5,8/21/1957,"Integra Wealth Planners",314-28-5248
American,188,Lopez,James,S,"3415 Euclid Avenue",90017,JamesSLopez@fleckens.hu,Halseara,805-317-0988,180,92.3,3/19/1974,"National Hardgoods Distributors",606-74-9606
American,189,Smith,Manuel,D,"4723 Washburn Street",70802,ManuelDSmith@fleckens.hu,Knowelde,225-445-0413,182,82.1,6/13/1968,Anderson-Little,664-01-4716
American,190,Yeh,Greg,B,"4185 Fancher Drive",75218,GregBYeh@fleckens.hu,Comeat,214-320-6765,170,83.4,9/30/1975,"World of Fun",644-14-1167
American,191,Holt,Odessa,S,"3158 Edgewood Road",38117,OdessaSHolt@armyspy.com,Couchisem,901-242-5848,158,80.4,11/19/1963,"Noodle Kidoodle",758-01-0362
American,192,Boling,Ola,C,"3256 Hershell Hollow Road",37421,OlaCBoling@superrito.com,Sonst1967,423-991-4581,170,82.5,10/26/1967,Thompson,759-01-2174
American,193,Minard,Jess,K,"695 Stanton Hollow Road",02141,JessKMinard@superrito.com,Stak1953,781-537-7987,175,85.9,2/24/1953,"Affinity Investment Group",017-42-3581
American,194,Cowgill,Catherine,V,"1140 Rowes Lane",42103,CatherineVCowgill@gustr.com,Amensing1961,270-606-8320,159,74.6,11/12/1961,Grodins,402-61-8367
American,195,Vazquez,Linda,L,"281 Hurry Street",24012,LindaLVazquez@rhyta.com,Tionge,540-265-4502,173,84.4,12/25/1992,Wag's,696-03-8422
American,196,Marquez,Linda,W,"4540 South Street",79701,LindaWMarquez@jourrapide.com,Norted,432-816-6713,161,73.7,7/11/1950,"Laura Ashley",455-29-7648
American,197,Phillips,Nerissa,J,"1447 North Avenue",68405,NerissaJPhillips@armyspy.com,Inceire,402-761-2974,166,99.6,2/11/1963,"Superior Interactive",507-03-2138
American,198,Dwyer,Pamela,R,"3145 Melville Street",38301,PamelaRDwyer@jourrapide.com,Sters1982,731-422-5486,155,78.8,4/15/1982,"Source Club",415-47-7835
American,199,Potter,Jeffery,M,"369 Kerry Way",92614,JefferyMPotter@teleworm.us,Pell1934,562-786-0115,173,69.0,11/29/1934,"Big Apple",617-17-3242
American,200,Turner,Benita,B,"3279 Red Bud Lane",06095,BenitaBTurner@teleworm.us,Deall1934,860-966-6736,157,50.5,10/14/1934,Adaptaz,045-38-6826
American,201,Williams,Erica,R,"4512 Flanigan Oaks Drive",20741,EricaRWilliams@teleworm.us,Evicanciat,301-397-4897,152,99.4,5/26/1959,"The High Heelers",214-30-1198
American,202,White,Rose,M,"1347 Counts Lane",45214,RoseMWhite@superrito.com,Sonififf,859-993-1021,168,66.0,1/11/1942,"Steve & Barry's",404-31-4166
American,203,Morris,Loren,J,"4521 Oliverio Drive",67501,LorenJMorris@teleworm.us,Plaustand,620-665-4721,157,50.0,11/10/1941,Liberal,512-28-3229
American,204,Jeanlouis,Edgar,P,"1097 D Street",48302,EdgarPJeanlouis@superrito.com,Soply1943,586-506-6148,184,89.7,7/11/1943,"G.I. Joe's",370-76-7403
American,205,Norton,Ralph,E,"2404 Stadium Drive",01740,RalphENorton@gustr.com,Swer1940,508-241-0414,170,75.9,8/14/1940,"Suncoast Video",032-36-3631
American,206,Grenier,Amanda,P,"1192 Cherry Tree Drive",32207,AmandaPGrenier@dayrep.com,Theromend,904-313-8474,162,49.5,5/24/1990,"Fragrant Flower Lawn Services",261-01-2491
American,207,Johnson,Pat,K,"4452 Edington Drive",30075,PatKJohnson@rhyta.com,Wilet1974,678-795-4331,188,77.2,5/27/1974,"Canal Villere",255-44-2689
American,208,Robertson,Michael,G,"1906 Trainer Avenue",61262,MichaelGRobertson@armyspy.com,Bobstine,309-476-1930,187,68.9,3/6/1963,"Avant Garde Appraisal",345-48-8855
American,209,Goldfarb,Anna,X,"1643 Clair Street",76501,AnnaXGoldfarb@jourrapide.com,Restled,254-743-1740,153,61.9,6/1/1949,"Home Centers",456-74-7469
American,210,Whorton,Henry,T,"4903 Trails End Road",33301,HenryTWhorton@superrito.com,Thatimetat,954-318-8792,183,86.8,1/21/1978,"Newmark & Lewis",593-24-6222
American,211,Davis,Susan,R,"1200 Clifford Street",94612,SusanRDavis@armyspy.com,Dawlerento,510-628-0646,150,55.0,1/28/1937,"Lee Wards",552-31-3976
American,212,Choi,Randy,C,"3348 Shadowmar Drive",70118,RandyCChoi@teleworm.us,Oret1941,504-866-7294,175,76.8,5/23/1941,"Second Time Around",660-07-3187
American,213,Fisher,Mary,I,"3121 Cody Ridge Road",73942,MaryIFisher@rhyta.com,Thon1963,580-517-9519,164,88.6,8/11/1963,"Solution Realty",445-34-9828
American,214,Smalls,Randall,A,"714 Ferry Street",35816,RandallASmalls@cuvox.de,Broreart,256-721-0606,167,65.7,1/15/1999,"Creative Wealth",418-01-2727
American,215,Brennan,James,S,"685 Bartlett Avenue",48235,JamesSBrennan@fleckens.hu,Hinig1940,248-598-8568,171,96.4,4/13/1940,"KG Menswear",374-46-7436
American,216,Keese,Angela,J,"1935 Rosebud Avenue",72601,AngelaJKeese@cuvox.de,Doctou,870-416-9399,165,71.3,4/3/1964,"Desmonds Formal Wear",679-03-4602
American,217,Jamison,Thomas,D,"4322 Freedom Lane",93620,ThomasDJamison@teleworm.us,Wisideeple,209-392-8451,178,83.1,7/27/1990,"Parade of Shoes",561-68-0906
American,218,Crawford,Calvin,M,"88 Wines Lane",77002,CalvinMCrawford@fleckens.hu,Holt1936,832-381-8286,179,97.7,8/18/1936,"Mikro Designs",453-35-9996
American,219,Hamlin,Ruby,T,"2972 Duck Creek Road",94612,RubyTHamlin@armyspy.com,Sainglow,650-899-4854,161,81.6,12/23/1998,"Mars Music",562-54-3465
American,220,Bailey,Cara,J,"4767 Bee Street",49689,CaraJBailey@armyspy.com,Aggame1957,231-859-9470,162,98.2,3/19/1957,"Superior Appraisals",386-04-7961
American,221,Hunt,Bonnie,P,"4146 Murry Street",23503,BonniePHunt@einrot.com,Neas1988,757-480-0043,171,86.2,5/3/1988,"Henry's Hamburgers",226-82-8016
American,222,Chappelle,Mildred,R,"4182 Hurry Street",24011,MildredRChappelle@armyspy.com,Schanithems1962,540-278-9917,161,101.5,6/9/1962,"Hudson's MensWear",691-01-1732
American,223,Spence,Crystal,M,"2846 Golden Street",33056,CrystalMSpence@gustr.com,Struelf,305-623-1676,167,56.0,10/5/1982,"Chase Pitkin",266-31-4879
American,224,Goddard,Joshua,H,"716 Sweetwood Drive",80265,JoshuaHGoddard@einrot.com,Priuset,303-357-4362,182,98.2,11/22/1958,Stratagee,522-28-9096
American,225,Holoman,Becky,J,"2229 Morningview Lane",50208,BeckyJHoloman@dayrep.com,Youturicus,641-831-6180,156,63.1,9/23/1996,"Total Yard Management",485-62-0097
American,226,Auer,Lydia,F,"2050 Waldeck Street",75034,LydiaFAuer@armyspy.com,Muress,817-435-4555,168,49.8,6/15/1946,Prestiga-Biz,464-29-8111
American,227,Harper,Deborah,E,"221 Bingamon Road",44131,DeborahEHarper@armyspy.com,Throdgent,440-530-5021,173,82.1,10/12/1981,"L.L. Berger",273-62-1868
American,228,Reed,Mario,R,"702 Thompson Drive",94107,MarioRReed@cuvox.de,Carturent,510-478-1174,177,74.7,8/18/1973,"Helping Hand",625-38-2749
American,229,McClean,Jack,C,"4683 Jenna Lane",45245,JackCMcClean@rhyta.com,Paorat,513-947-5933,177,82.3,2/2/1979,"Grass Roots Yard Services",291-56-5569
American,230,Munsey,Carol,D,"2418 North Street",22901,CarolDMunsey@cuvox.de,Onated,434-995-7349,159,77.5,8/21/1981,"Landskip Yard Service",699-03-0148
American,231,White,Betty,P,"216 Rinehart Road",33025,BettyPWhite@teleworm.us,Pormed,786-395-8571,169,87.3,6/22/1955,Prestiga-Biz,263-26-4895
American,232,Greeson,Cecelia,J,"1286 Capitol Avenue",46923,CeceliaJGreeson@fleckens.hu,Hismain,765-564-8208,169,82.1,11/12/1945,"Earthworks Yard Maintenance",317-38-0479
American,233,Dean,Shanice,B,"1863 Luke Lane",73701,ShaniceBDean@teleworm.us,Parom1983,580-242-8957,155,82.1,8/30/1983,Quickbiz,446-05-9851
American,234,Knight,Jamie,K,"3010 Byers Lane",95661,JamieKKnight@superrito.com,Nerund,530-852-3110,167,78.8,3/1/1999,"Road Runner Lawn Services",573-78-6739
American,235,Lemasters,Peter,M,"3404 Pike Street",92128,PeterMLemasters@einrot.com,Guirair44,858-613-9081,173,79.1,2/23/1944,"Ideal Garden Management",556-80-6821
American,236,Perkins,Tommy,M,"3350 Elk Creek Road",30236,TommyMPerkins@cuvox.de,Fultakfard,770-472-0461,167,66.0,10/2/1941,"Asian Fusion",256-26-0352
American,237,Kramer,Alice,C,"3236 North Avenue",68025,AliceCKramer@armyspy.com,Thelismor,402-753-0205,172,75.6,9/4/1966,"Infinity Investment Plan",505-06-6337
American,238,Smith,Tony,R,"4518 Marshall Street",21838,TonyRSmith@dayrep.com,Muchend,410-623-6630,177,90.9,6/4/1955,"Frank's Nursery & Crafts",217-08-9943
American,239,Hall,Rosalie,C,"1090 Carriage Lane",43609,RosalieCHall@teleworm.us,Sirint,567-472-1749,175,93.4,10/19/1982,"The Fox and Hound ",284-34-0668
American,240,Gallagher,Nathan,T,"652 Tator Patch Road",60062,NathanTGallagher@gustr.com,Loquiall,312-916-2622,168,96.3,6/2/1974,"Asian Solutions",326-92-3286
American,241,Powell,Martha,M,"2185 Jett Lane",90040,MarthaMPowell@fleckens.hu,Gund1933,310-699-8539,161,93.2,3/8/1933,"Signa Air",620-92-4760
American,242,Beliveau,Richard,A,"3958 Weekley Street",78205,RichardABeliveau@superrito.com,Friltang,210-370-9424,172,107.1,8/13/1956,"Hughes & Hatcher",454-96-3381
American,243,Bane,Sean,D,"294 Simpson Street",61501,SeanDBane@armyspy.com,Actim1999,309-759-4516,171,80.8,5/3/1999,"Alladin's Lamp",346-02-7516
American,244,Smedley,Jennifer,D,"4209 Thompson Street",92649,JenniferDSmedley@einrot.com,Prolead,562-592-1502,170,84.6,5/17/1982,"Media Play",614-37-0641
American,245,Jacobs,Jean,R,"4420 Tator Patch Road",60457,JeanRJacobs@gustr.com,Whishor80,312-848-5127,168,85.8,11/24/1980,"Zephyr Investments",342-18-4814
American,246,Pacheco,Joel,M,"734 Bel Meadow Drive",92376,JoelMPacheco@rhyta.com,Hishossn,909-418-9183,168,93.0,10/10/1967,"Herman's World of Sporting Goods",572-36-2383
American,247,Harris,Michael,J,"4794 Ryder Avenue",98101,MichaelJHarris@armyspy.com,Tognoo,425-286-9365,167,89.2,6/30/1941,"Practi-Plan Mapping",537-32-5112
American,248,Murray,Keith,L,"3575 Eva Pearl Street",70775,KeithLMurray@superrito.com,Thedis,225-635-4357,167,109.3,7/10/1965,Stratagee,433-35-9266
American,249,Coleman,Pamela,J,"775 Saint Clair Street",39211,PamelaJColeman@fleckens.hu,Atmach,662-586-3034,164,71.2,5/9/1977,Merrymaking,427-50-4840
American,250,Hall,Edith,S,"689 Rhode Island Avenue",20200,EdithSHall@superrito.com,Prould,202-370-8155,158,51.6,9/11/1994,"id Boutiques",579-28-4253
American,251,McNutt,Marilyn,C,"4895 Villa Drive",46563,MarilynCMcNutt@rhyta.com,Nion1957,574-581-4383,161,83.9,12/18/1957,"Avant Garde Interior Designs",313-04-2231
American,252,Krawczyk,Christopher,M,"2618 Brookview Drive",77701,ChristopherMKrawczyk@fleckens.hu,Folen1968,409-396-0090,188,104.2,6/20/1968,"Foreman & Clark",627-92-8614
American,253,Foran,Helen,J,"2567 Carriage Court",90017,HelenJForan@jourrapide.com,Calwascame,760-428-6187,154,81.5,1/17/1945,"Nutri G",621-60-2871
American,254,Sanders,Robin,J,"4479 Custer Street",15522,RobinJSanders@teleworm.us,Alock1950,814-847-9811,171,70.4,8/15/1950,"Quality Realty Service",165-76-5399
American,255,Holstein,Jesse,F,"4457 Skips Lane",86301,JesseFHolstein@fleckens.hu,Hativeing,928-443-2577,170,75.6,1/25/1999,"Highland Appliance",600-79-7280
American,256,Anderson,Howard,V,"4742 Hillcrest Drive",98055,HowardVAnderson@einrot.com,Orde1949,253-304-1996,177,79.2,4/12/1949,"Pro Yard Services",533-31-7224
American,257,Small,Thomas,S,"2858 Maple Avenue",95204,ThomasSSmall@teleworm.us,Wifemely,209-281-6859,169,61.7,12/7/1942,"Honest Air Group",625-38-5436
American,258,Knowles,Robert,L,"2526 Confederate Drive",14456,RobertLKnowles@cuvox.de,Beepon,315-719-3909,167,95.4,3/5/1979,"J. K. Gill Company",070-10-0417
American,259,Shay,James,M,"2708 Wescam Court",89506,JamesMShay@dayrep.com,Glat1956,775-970-3975,180,76.1,7/19/1956,"Target Source",530-05-8226
American,260,Fitzgerald,Kathleen,C,"461 Juniper Drive",48607,KathleenCFitzgerald@dayrep.com,Youlgron,989-803-1622,162,72.8,3/12/1976,"Fit Tonic",372-52-8904
American,261,Turner,Elsie,W,"588 Wescam Court",01906,ElsieWTurner@einrot.com,Hoodmine,781-233-1074,160,54.8,2/19/1975,"Big Wheel",030-44-8260
American,262,Bangert,Erinn,R,"2017 Simons Hollow Road",18829,ErinnRBangert@armyspy.com,Wittleen,570-744-0224,158,54.3,4/22/1994,Furrow's,184-07-4862
American,263,Frank,Candace,A,"3750 Alpha Avenue",32202,CandaceAFrank@gustr.com,Liess1993,904-244-5520,158,98.8,5/7/1993,"Karl's Shoes",766-40-3429
American,264,French,Josie,M,"3976 Westwood Avenue",11021,JosieMFrench@teleworm.us,Cruldempan,516-829-5327,155,59.4,7/14/1992,"First Choice Garden Maintenance",105-92-2019
American,265,Gomes,Elizabeth,K,"176 Eagle Street",62996,ElizabethKGomes@superrito.com,Oncely1970,618-342-5203,169,96.4,8/19/1970,"Future Bright",336-56-7964
American,266,Bowman,James,H,"2124 Bicetown Road",10016,JamesHBowman@jourrapide.com,Thereshed1945,917-321-2903,174,88.4,6/29/1945,"Courtesy Hardware Store",132-54-2690
American,267,Cupples,Leona,P,"3664 Harter Street",47374,LeonaPCupples@superrito.com,Itimpoing,937-590-2211,173,51.6,8/20/1967,"Magna Solution",279-94-8457
American,268,Redman,Marguerite,D,"2159 Poling Farm Road",68114,MargueriteDRedman@gustr.com,Sornint,402-389-8444,166,92.3,4/23/1951,"Kinney Shoes",505-28-5434
American,269,Joseph,Emily,A,"23 Desert Broom Court",07070,EmilyAJoseph@superrito.com,Withey,201-691-0690,170,85.7,12/27/1936,Sambo's,146-14-7779
American,270,Guy,Joyce,M,"1038 Private Lane",31701,JoyceMGuy@cuvox.de,Thinscion,229-286-7482,165,85.4,11/28/1940,"Crazy Tiger",672-14-7988
American,271,Cox,Alisha,S,"1969 West Fork Street",59270,AlishaSCox@gustr.com,Bleme1981,406-433-7144,164,75.8,12/13/1981,"Gino's Hamburgers",516-25-1289
American,272,Watson,Edward,K,"3321 Payne Street",24343,EdwardKWatson@dayrep.com,Theactiones,276-728-6315,180,85.6,9/13/1953,"Allied City Stores",691-01-4206
American,273,Davis,Leonard,P,"4573 Tree Top Lane",19426,LeonardPDavis@jourrapide.com,Begry1993,610-244-8515,167,84.0,6/22/1993,Tweeter,171-01-6045
American,274,Brady,Felicia,W,"1852 Palmer Road",43215,FeliciaWBrady@cuvox.de,Equabill,614-658-1250,174,77.6,9/15/1980,"The Original House of Pies",281-40-7847
American,275,Calloway,Henry,M,"3179 Arron Smith Drive",96813,HenryMCalloway@superrito.com,Appirace,808-524-5314,177,99.3,10/24/1985,"Electronics Source",750-03-1788
American,276,Vanzant,Edward,S,"1817 Winding Way",02840,EdwardSVanzant@gustr.com,Therpecan,401-627-5734,186,98.6,8/21/1965,"Olson Electronics",038-30-5823
American,277,McKeever,Rosario,M,"1684 Whitetail Lane",75207,RosarioMMcKeever@jourrapide.com,Visely80,469-452-1704,185,63.9,2/6/1980,"Master Builder Design Services",465-23-1812
American,278,Marquez,Jonathan,F,"1618 Charla Lane",75038,JonathanFMarquez@cuvox.de,Pithe1946,972-756-3799,184,70.6,11/8/1946,"Pro Garden Management",464-38-8026
American,279,Norris,Donald,P,"3416 Coulter Lane",23222,DonaldPNorris@superrito.com,Adind1967,804-317-8397,174,86.9,6/5/1967,"Jitney Jungle",699-01-9238
American,280,Holstein,Maryjane,V,"2022 Del Dew Drive",20024,MaryjaneVHolstein@rhyta.com,Quie1942,301-828-7064,155,96.7,5/28/1942,Acuserv,213-82-7783
American,281,Fang,Maria,M,"1636 Rollins Road",82050,MariaMFang@teleworm.us,Younot,308-846-8563,167,100.9,12/14/1956,"Waccamaw's Homeplace",506-43-6349
American,282,Henderson,Gregory,M,"1099 Nicholas Street",66955,GregoryMHenderson@cuvox.de,Vincer,785-245-3234,172,85.5,1/19/1974,"Hugh M. Woods",513-96-5698
American,283,Ramirez,Laura,R,"4560 Calico Drive",99117,LauraRRamirez@dayrep.com,Famenig,509-636-9013,164,92.8,9/20/1964,Hoyden,539-50-9693
American,284,Smith,Flora,F,"1201 Flanigan Oaks Drive",20601,FloraFSmith@cuvox.de,Thood1955,301-374-1908,167,93.6,8/17/1955,Steinberg's,218-03-4651
American,285,Seder,Mary,C,"1336 Foley Street",33169,MaryCSeder@einrot.com,Dety1973,954-620-8760,155,79.3,4/1/1973,Mervyn's,768-12-8552
American,286,Stevens,Christina,M,"3622 Arbutus Drive",33043,ChristinaMStevens@superrito.com,Erepaing,305-872-7801,173,68.6,1/27/1998,"J. Riggings",768-10-5060
American,287,Hardy,Janice,T,"413 Browning Lane",13045,JaniceTHardy@superrito.com,Neon1971,607-758-3662,166,62.2,1/8/1971,"Singer Lumber",127-54-9839
American,288,Robertson,Deborah,R,"1988 Archwood Avenue",83001,DeborahRRobertson@rhyta.com,Thork1935,307-734-9883,167,76.0,9/20/1935,"Cut Rite Lawn Care",520-17-3515
American,289,Newbury,Elizabeth,J,"1460 Ocello Street",92111,ElizabethJNewbury@rhyta.com,Stateen,619-823-0421,157,79.3,9/9/1974,"Hills Supermarkets",569-95-2613
American,290,Hill,Matthew,J,"2535 Davis Place",45813,MatthewJHill@gustr.com,Glon1950,419-258-4467,174,63.5,8/18/1950,"Ernst Home Centers",279-10-2283
American,291,Bliss,Edith,R,"1015 Goldleaf Lane",07304,EdithRBliss@gustr.com,Fropered,201-547-8438,169,93.2,5/8/1962,"Kash n' Karry",137-05-1015
American,292,Fultz,Richard,S,"3304 Findley Avenue",58102,RichardSFultz@superrito.com,Ricite89,701-892-8390,181,82.8,1/31/1989,"Suadela Investment",501-31-9010
American,293,Hawkins,Derek,C,"4635 Quiet Valley Lane",91502,DerekCHawkins@cuvox.de,Preal1940,818-955-8971,179,69.5,10/2/1940,"Network Air",624-34-7313
American,294,Clapp,Henry,J,"3196 Euclid Avenue",93101,HenryJClapp@cuvox.de,Wheird,805-268-0793,179,87.1,11/28/1978,"Corinthian Designs",566-30-5047
American,295,Bird,Lynne,J,"2060 Hershell Hollow Road",37615,LynneJBird@jourrapide.com,Eassive,423-948-7021,159,67.5,8/16/1997,BASCO,758-01-4769
American,296,Schwing,Ricky,L,"2760 Rogers Street",45214,RickyLSchwing@rhyta.com,Morting,513-560-8185,176,105.3,8/13/1982,"Security Sporting Goods",270-66-8618
American,297,Underwood,Dennis,L,"623 Eagle Lane",56537,DennisLUnderwood@superrito.com,Withim,218-737-1961,168,70.7,11/3/1936,"Sunny's Surplus",474-44-2620
American,298,Fischer,Cory,C,"352 Holly Street",30540,CoryCFischer@jourrapide.com,Wenstoced,706-276-7116,186,94.2,9/25/1956,"National Tea",258-41-6912
American,299,Treat,Yvonne,R,"4801 Geneva Street",10023,YvonneRTreat@dayrep.com,Andent,917-441-4710,169,94.6,2/11/1934,"Sports Unlimited",073-12-8443
American,300,Brown,Anne,D,"4833 Broaddus Avenue",42301,AnneDBrown@gustr.com,Yousininds,270-254-5447,157,90.6,7/22/1969,"Oranges Records & Tapes",406-55-0959
American,301,Heath,Francisco,K,"407 Reppert Coal Road",48226,FranciscoKHeath@gustr.com,Lonspribeen,586-823-2578,176,67.4,11/17/1936,"Strategy Planner",382-40-9696
American,302,Garrido,George,H,"7 Quiet Valley Lane",92614,GeorgeHGarrido@fleckens.hu,Onearry,818-943-6483,169,105.6,5/23/1992,Chandlers,572-49-3133
American,303,Pieper,Nelson,G,"4808 Rhode Island Avenue",20008,NelsonGPieper@einrot.com,Theaver,202-351-0149,189,68.4,3/16/1975,Finast,578-74-8916
American,304,Smith,Michele,J,"4197 Moonlight Drive",08619,MicheleJSmith@rhyta.com,Willon48,609-584-3826,170,96.0,7/26/1948,"Sun Foods",139-56-6007
American,305,Goss,Paul,L,"2136 Willis Avenue",32256,PaulLGoss@dayrep.com,Blighte,386-344-8772,189,100.7,5/26/1986,"Eli Moore Inc",262-08-8927
American,306,Rodriguez,Richard,J,"2464 Rogers Street",45211,RichardJRodriguez@dayrep.com,Dousedise48,513-481-2376,163,90.8,9/28/1948,"Parklane Hosiery",284-82-1043
American,307,Lazarus,Ralph,H,"3 Hart Street",06787,RalphHLazarus@teleworm.us,Tharty,860-283-2748,171,71.8,12/8/1979,"The Serendipity Dip",042-10-5463
American,308,Brown,Annie,D,"1525 Fannie Street",02142,AnnieDBrown@superrito.com,Alcurrome,978-993-2081,165,101.4,3/18/1972,"Corinthian Designs",016-26-1345
American,309,Orndorff,Ramon,K,"3232 Ralph Drive",44028,RamonKOrndorff@dayrep.com,Finguedy63,440-236-4378,180,106.2,2/3/1963,"Jack Lang",280-20-0885
American,310,Rawlings,Donna,J,"3258 Oakway Lane",92618,DonnaJRawlings@rhyta.com,Hencerel,818-331-7545,170,103.0,2/1/1956,"Independent Wealth Management",565-45-6324
American,311,Pigford,Steven,M,"842 Roane Avenue",20005,StevenMPigford@einrot.com,Adsome1952,301-266-9402,172,70.2,5/4/1952,"Grade A Investment",217-56-3188
American,312,Brill,Samantha,J,"2232 Richland Avenue",77388,SamanthaJBrill@fleckens.hu,Gers1934,281-323-7276,152,80.7,3/21/1934,"Channel Home Centers",643-46-7216
American,313,Franklin,Chris,S,"2246 Briarhill Lane",44622,ChrisSFranklin@rhyta.com,Regife77,330-243-8654,176,80.1,12/23/1977,"Electric Avenue",283-10-7907
American,314,Johnson,Donna,M,"4234 Cerullo Road",40205,DonnaMJohnson@einrot.com,Goofew,502-454-1862,161,76.2,4/4/1943,"Gino's Hamburgers",400-50-5202
American,315,Castro,Anthony,M,"3186 Joy Lane",91303,AnthonyMCastro@teleworm.us,Besided,818-593-2993,183,103.9,1/27/1950,"Netstars Matrix Design",621-70-1309
American,316,Turner,Chris,C,"3056 School Street",06511,ChrisCTurner@rhyta.com,Lains1999,203-788-0974,173,51.2,3/29/1999,"Idea Infinity",048-18-5139
American,317,Olson,Hattie,B,"366 Richards Avenue",95204,HattieBOlson@gustr.com,Dishe1971,209-807-9169,155,69.9,10/1/1971,"Eagle Food Centers",625-94-0725
American,318,Hyman,Russell,D,"3889 Beechwood Avenue",07305,RussellDHyman@teleworm.us,Artilegive,908-837-2778,172,100.4,5/18/1964,"Carter's Foods",141-09-2406
American,319,Long,Alex,S,"3617 Yorkie Lane",31405,AlexSLong@superrito.com,Cousitony,912-675-6534,177,95.6,10/29/1955,"Suncoast Video",674-07-0765
American,320,Rivera,Julie,R,"338 Franklin Street",36303,JulieRRivera@teleworm.us,Thadfice,334-622-0906,165,72.7,4/1/1996,Protean,417-92-8554
American,321,Torres,Juliette,B,"4376 Spadafore Drive",16601,JulietteBTorres@rhyta.com,Licare,814-820-7540,160,62.1,7/18/1971,"University Stereo",208-48-3667
American,322,Anderson,Horace,S,"2695 Lucy Lane",47834,HoraceSAnderson@jourrapide.com,Earolainted,812-448-0358,172,61.8,5/9/1995,"KB Toys",311-62-6441
American,323,Hudson,Andrew,L,"2117 Cedar Street",75501,AndrewLHudson@jourrapide.com,Chaunt1999,870-774-5259,186,53.4,6/11/1999,Lum's,432-20-5381
American,324,Emerson,Kenneth,H,"3538 Kelly Drive",25701,KennethHEmerson@teleworm.us,Ferece,304-908-3549,170,83.2,3/23/1998,"Square Circle",232-51-3027
American,325,Groves,Rachel,R,"4942 Roy Alley",80111,RachelRGroves@cuvox.de,Corid1984,303-930-3046,168,97.4,4/13/1984,"Smitty's Marketplace",521-13-0236
American,326,Gordon,Jacqueline,J,"957 Norma Avenue",77868,JacquelineJGordon@jourrapide.com,Cionarsellar,936-870-1406,159,72.5,12/19/1977,"Wilson's Jewelers",456-24-7747
American,327,Schroeder,Sarah,S,"2148 Heliport Loop",47112,SarahSSchroeder@armyspy.com,Fruck1969,812-734-6204,156,73.0,4/2/1969,"Manning's Cafeterias",305-76-0033
American,328,Murdock,Anita,J,"2863 Daffodil Lane",22021,AnitaJMurdock@fleckens.hu,Forridgen,703-472-1136,162,70.3,2/22/1990,"Intelli Wealth Group",225-81-0469
American,329,Cole,Nathan,T,"2377 Carolyns Circle",75248,NathanTCole@superrito.com,Shavithe,214-755-7836,188,89.9,7/8/1990,"Plunkett Home Furnishings",629-70-8034
American,330,Adams,Steve,T,"1938 University Drive",60605,SteveTAdams@gustr.com,Fringuaing50,312-789-3833,181,89.2,7/10/1950,"Kids Mart",345-96-8610
American,331,Jones,Shannon,J,"4086 Center Avenue",93721,ShannonJJones@rhyta.com,Sibrody,559-421-9965,160,84.2,2/13/1947,Weathervane,561-39-8126
American,332,Mesa,Wendell,M,"4020 Harter Street",45382,WendellMMesa@rhyta.com,Froureater1994,937-678-8897,175,63.6,12/23/1994,Hoyden,270-62-5495
American,333,Miller,Claudia,E,"734 Better Street",66210,ClaudiaEMiller@cuvox.de,Thithers1971,913-345-3816,153,55.8,6/14/1971,"Pergament Home Centers",509-13-1152
American,334,Bain,David,M,"4472 Brookside Drive",35222,DavidMBain@dayrep.com,Hought,205-385-7849,169,84.7,6/15/1955,HomeBase,424-07-6300
American,335,Wilson,Howard,T,"2251 Gregory Lane",40203,HowardTWilson@cuvox.de,Atle1988,502-515-0099,189,77.9,10/12/1988,"MVP Sports",402-18-4459
American,336,Phillips,Edward,M,"3815 Red Dog Road",28112,EdwardMPhillips@teleworm.us,Rive1974,704-289-4081,179,89.7,6/26/1974,Incluesiv,246-59-9079
American,337,Griffin,Laquita,G,"9 Lady Bug Drive",10458,LaquitaGGriffin@teleworm.us,Iltive,718-933-9470,156,94.9,8/27/1984,"First Choice Garden Maintenance",080-32-0111
American,338,Brooks,Mercedes,C,"4197 Crosswind Drive",42701,MercedesCBrooks@armyspy.com,Youlge1943,270-819-8959,157,55.8,1/3/1943,"Paul's Record Hut",406-57-9852
American,339,Pruitt,Patricia,J,"3282 West Drive",61257,PatriciaJPruitt@rhyta.com,Dooloverity,312-514-3577,168,75.9,8/14/1982,"Shoe Kicks",351-82-5981
American,340,Armstrong,Cara,C,"2882 New Creek Road",35816,CaraCArmstrong@cuvox.de,Witentleming80,256-824-7490,154,74.4,1/6/1980,"National Lumber",423-84-5027
American,341,Johnson,Carmela,R,"2073 Spring Avenue",19403,CarmelaRJohnson@gustr.com,Neear1968,267-612-5471,156,62.7,5/2/1968,Planetbiz,161-76-7243
American,342,Dufresne,Robert,D,"1812 Pride Avenue",10467,RobertDDufresne@teleworm.us,Oprout92,718-325-4116,169,87.8,7/9/1992,"Gas Legion",087-03-8164
American,343,McCaffrey,Mary,D,"1219 Victoria Street",70802,MaryDMcCaffrey@teleworm.us,Thansin,225-268-9689,168,61.2,3/14/1948,"Advansed Teksyztems",436-36-5160
American,344,O'Connor,Bonnie,W,"2338 Longview Avenue",10452,BonnieWOConnor@dayrep.com,Siondee1990,718-537-1803,175,85.2,4/29/1990,"Dun Rite Lawn Care",108-36-9492
American,345,Weber,Mark,K,"3723 Rafe Lane",39201,MarkKWeber@superrito.com,Whinsise,662-769-1989,184,78.6,3/31/1971,"Mission You",587-73-2018
American,346,McFarlin,Bobby,R,"1821 Big Indian",70062,BobbyRMcFarlin@teleworm.us,Exclether,504-541-0207,172,97.2,6/19/1954,"Britling Cafeterias",438-95-5053
American,347,Crook,Patricia,B,"3153 Oak Way",68501,PatriciaBCrook@cuvox.de,Rissaitte,402-458-6002,171,57.4,7/16/1950,Kent's,506-14-4611
American,348,Oaks,Gary,S,"1965 Heliport Loop",47638,GarySOaks@jourrapide.com,Ankining,812-673-0411,189,83.3,2/10/1979,Adaptabiz,309-64-3450
American,349,Robinson,David,R,"1013 Masonic Hill Road",72210,DavidRRobinson@fleckens.hu,Hatintibleat1972,501-590-7768,179,103.4,2/28/1972,JasmineSola,430-52-9415
American,350,Chavers,Jim,K,"4989 Charmaine Lane",79101,JimKChavers@armyspy.com,Coubjecruir,806-567-3191,184,67.3,11/18/1939,"Xray Eye & Vision Clinics",461-51-9995
American,351,Andrews,Harry,S,"2466 Petunia Way",35215,HarrySAndrews@superrito.com,Forten,205-815-4441,188,88.5,9/8/1985,"Allied Radio",416-04-9027
American,352,Klein,Fred,A,"4113 Calico Drive",99562,FredAKlein@fleckens.hu,Greerierelf,509-629-4990,173,109.1,11/27/1984,"Affinity Investment Group",532-36-5622
American,353,Edwards,Danny,N,"2264 West Fork Street",59601,DannyNEdwards@armyspy.com,Stookins,406-438-2063,183,68.4,5/2/1959,Edwards,517-74-8142
American,354,Rodriguez,Judith,T,"2460 Ward Road",79901,JudithTRodriguez@gustr.com,Unge1961,915-242-8341,169,71.5,6/17/1961,"Northern Star",461-73-3131
American,355,Hill,Evie,J,"644 Honeysuckle Lane",98503,EvieJHill@rhyta.com,Onsus1993,360-491-2552,166,75.5,1/1/1993,"Team Uno",535-92-8864
American,356,Oldaker,Leonard,M,"4849 Crosswind Drive",42101,LeonardMOldaker@fleckens.hu,Ancterionts,270-846-0956,183,99.0,10/11/1998,"Bonanza Produce Stores",406-61-8014
American,357,Gates,Muriel,M,"989 Clearview Drive",80111,MurielMGates@jourrapide.com,Thannot,303-721-3615,161,51.4,9/1/1974,"First Rate Choice",521-93-1406
American,358,Robbins,Katherine,D,"516 Bolman Court",62758,KatherineDRobbins@fleckens.hu,Thes1945,217-331-3980,152,82.5,12/10/1945,"Affinity Investment Group",339-30-8447
American,359,Manning,William,G,"2402 Pretty View Lane",95446,WilliamGManning@einrot.com,Whouthearied,707-869-5830,185,70.0,3/19/1958,"Avant Garde Appraisal",568-98-6377
American,360,Rush,Bert,R,"4496 Elk Creek Road",30136,BertRRush@superrito.com,Iggerstoost,770-476-7748,177,81.9,11/9/1986,"The Independent Planners",255-64-4449
American,361,Smith,Tina,J,"1109 North Street",22903,TinaJSmith@gustr.com,Happely,434-977-7198,166,100.7,2/26/1959,"Allied City Stores",229-82-0071
American,362,Jacobs,Aisha,L,"487 Fantages Way",04101,AishaLJacobs@teleworm.us,Stim1969,207-710-5629,168,53.5,10/16/1969,"Music Den",006-54-6681
American,363,Brown,Leroy,K,"2564 Cooks Mine Road",88339,LeroyKBrown@dayrep.com,Asine1969,505-687-7910,178,67.8,10/12/1969,"Waccamaw Pottery",585-69-0083
American,364,Hayles,Dianna,G,"1687 Edgewood Road",38110,DiannaGHayles@einrot.com,Ancer1980,901-227-9270,161,87.3,7/24/1980,"Star Assistance",761-01-7365
American,365,Olvera,Kimberly,J,"1530 Patterson Fork Road",60606,KimberlyJOlvera@cuvox.de,Renec1954,312-557-8650,160,74.7,8/8/1954,"Total Yard Maintenance",340-12-4158
American,366,Thompson,Rose,J,"3096 Maloy Court",67401,RoseJThompson@gustr.com,Lourth1957,785-447-5894,160,79.9,7/31/1957,Purity,511-19-2923
American,367,Armstrong,John,M,"3825 Werninger Street",77581,JohnMArmstrong@fleckens.hu,Hisidle,832-736-3786,188,64.6,8/6/1963,"Holly Tree Inn",640-86-0216
American,368,Nevers,Frank,S,"2234 Melody Lane",22539,FrankSNevers@dayrep.com,Suale1973,804-453-4733,186,112.7,5/26/1973,Multicerv,227-76-6724
American,369,Leslie,James,A,"1445 Tenmile Road",02215,JamesALeslie@superrito.com,Troich,781-727-7899,170,103.0,2/18/1936,"Country Club Markets",024-44-6930
American,370,Riddick,Robert,R,"1594 Brown Street",85256,RobertRRiddick@dayrep.com,Tabounce1980,928-217-3532,180,83.7,7/27/1980,"The Goose and Duck",601-03-0546
American,371,Johnson,Jessie,G,"929 Poe Lane",66101,JessieGJohnson@cuvox.de,Causubtlig,913-626-8479,170,91.5,12/2/1945,"Earthworks Garden Kare",510-62-5435
American,372,Bigham,Marianne,J,"1142 Argonne Street",19103,MarianneJBigham@superrito.com,Aunte1962,302-288-6277,170,82.6,7/11/1962,"The Happy Bear",221-56-5624
American,373,Louis,James,I,"1261 Dola Mine Road",27529,JamesILouis@gustr.com,Musted,919-417-7974,175,64.8,11/27/1978,"Integra Wealth",246-94-6528
American,374,Hubbard,Jennifer,G,"3705 Meadowbrook Mall Road",90067,JenniferGHubbard@gustr.com,Decture,310-843-7658,169,104.9,3/4/1975,"ABCO Foods",556-84-1047
American,375,Obryant,Kenneth,L,"1558 Bernardo Street",47150,KennethLObryant@gustr.com,Seenius1995,812-989-0748,180,86.1,7/28/1995,"Afforda Merchant Services",304-96-5987
American,376,Shepard,Linda,R,"3329 Poplar Lane",33128,LindaRShepard@einrot.com,Anchoughboad,305-536-6135,174,80.7,1/26/1995,"Aaronson Furniture",771-18-5653
American,377,Morejon,James,H,"3357 Martha Ellen Drive",89501,JamesHMorejon@superrito.com,Joyagesse,775-822-3770,174,95.4,4/6/1946,"Creative Wealth Management",680-50-9702
American,378,Barton,Claudia,J,"3029 Mulberry Street",75935,ClaudiaJBarton@gustr.com,Oustom,936-556-5870,165,50.8,7/28/1977,Intelacard,640-05-1003
American,379,Bernard,Anna,M,"203 Young Road",83617,AnnaMBernard@dayrep.com,Grewle,208-398-9154,164,62.2,8/11/1983,"DGS HomeSource",519-29-4589
American,380,Turner,Callie,J,"3792 Stoney Lane",75234,CallieJTurner@dayrep.com,Beffing,972-884-6150,161,103.9,4/12/1973,Choices,637-40-1818
American,381,Johnson,Anabel,C,"4972 Wexford Way",29210,AnabelCJohnson@superrito.com,Barives63,803-348-9241,159,73.6,7/25/1963,"Rivera Property Maintenance",248-02-9048
American,382,Miller,Daniel,L,"1309 Maple Lane",36258,DanielLMiller@fleckens.hu,Suppin1959,256-488-8296,174,86.3,9/9/1959,"Wild Oats Markets",420-07-2203
American,383,Madigan,Crystal,V,"2675 Larry Street",53151,CrystalVMadigan@fleckens.hu,Ravencers,414-795-7537,171,62.0,6/11/1968,"A Plus Lawn Care",389-86-7881
American,384,Nicoll,Roger,P,"4311 Woodside Circle",32547,RogerPNicoll@jourrapide.com,Daroopers,850-862-9512,168,94.4,5/5/1959,Heilig-Meyers,263-24-2572
American,385,Miller,Kay,W,"4033 Dovetail Drive",60219,KayWMiller@rhyta.com,Nathe1988,847-316-3113,175,73.0,1/2/1988,"Purity Supreme",338-05-4970
American,386,Cross,Sue,J,"3329 Olive Street",43602,SueJCross@superrito.com,Harturch74,419-367-6112,160,88.0,9/18/1974,"Plunkett Home Furnishings",287-09-8890
American,387,Nelson,Richard,R,"3303 B Street",55025,RichardRNelson@fleckens.hu,Lingovensids,651-464-2064,180,95.6,12/11/1943,"Realty Solution",476-45-0407
American,388,Huff,Maxine,A,"2471 Moore Avenue",76104,MaxineAHuff@jourrapide.com,Werces1966,817-791-1004,166,62.2,3/25/1966,"Life Plan Counselling",631-44-5096
American,389,Velez,Leslie,S,"357 Walnut Drive",58506,LeslieSVelez@superrito.com,Catery50,701-390-2711,160,101.1,8/31/1950,"Magna Gases",501-76-5819
American,390,Wise,Reginald,L,"4 Poling Farm Road",68102,ReginaldLWise@gustr.com,Perseent,402-351-0534,176,69.3,9/25/1979,"Fradkin Brothers Furniture",508-13-6492
American,391,Boyer,Michael,S,"1617 Sycamore Road",97470,MichaelSBoyer@superrito.com,Hase1966,541-464-9575,178,76.2,10/31/1966,"Asian Plan",543-80-4280
American,392,Miller,Alan,H,"2243 Reppert Coal Road",48075,AlanHMiller@dayrep.com,Chil1994,586-859-5909,179,57.9,9/5/1994,Orion,380-86-9146
American,393,Stokes,Ruby,P,"2217 Giraffe Hill Drive",75081,RubyPStokes@einrot.com,Sown1997,972-301-4823,163,79.5,5/19/1997,"Crown Auto Parts",453-45-5614
American,394,Brown,Quinn,F,"4030 Carriage Lane",18701,QuinnFBrown@gustr.com,Attle1944,570-200-1029,176,94.4,8/6/1944,"Destiny Realty",175-09-3573
American,395,Farwell,Larry,V,"2033 Chatham Way",21701,LarryVFarwell@dayrep.com,Wileve,240-566-9380,185,94.8,12/1/1971,"Gold Leaf Garden Management",213-82-0104
American,396,Manning,Alfred,N,"1459 Cooks Mine Road",88201,AlfredNManning@teleworm.us,Anythest,505-703-3133,168,105.0,5/7/1944,"Prahject Planner",649-01-2791
American,397,Dickison,Eula,W,"546 Kinney Street",01040,EulaWDickison@armyspy.com,Himect,413-540-9312,159,88.1,10/10/1982,Rink's,017-72-4791
American,398,Wofford,James,V,"2149 Clousson Road",77002,JamesVWofford@fleckens.hu,Livill,713-229-0438,178,61.8,11/4/1989,"Sunny's Surplus",453-18-6508
American,399,Wheeler,Lisa,H,"2544 Smith Road",30084,LisaHWheeler@einrot.com,Losepturiff,770-939-7077,158,54.6,6/22/1942,"Sam Goody",258-77-2687
American,400,Sanders,Princess,R,"4847 Bastin Drive",19107,PrincessRSanders@gustr.com,Felich,484-707-7968,153,75.7,9/3/1946,"Young @ Heart",200-36-8992
American,401,Bowers,Eric,H,"2339 Green Gate Lane",20151,EricHBowers@armyspy.com,Purt1952,443-714-6874,183,93.6,12/17/1952,"Pantry Pride",215-80-4808
American,402,Bess,Patricia,C,"745 Lake Forest Drive",64110,PatriciaCBess@gustr.com,Lawen1967,913-909-2209,162,73.1,7/10/1967,Macroserve,509-52-0248
American,403,Franklin,Edward,S,"3799 Grasselli Street",03060,EdwardSFranklin@dayrep.com,Ealaings,603-410-6564,181,73.2,10/20/1981,"Universal Design Partners",003-38-9519
American,404,Woodley,Ayana,J,"3741 Private Lane",31707,AyanaJWoodley@gustr.com,Bethom,229-332-4936,154,67.3,4/18/1949,"Harold Powell",668-20-9092
American,405,South,Dawn,S,"3068 Saints Alley",33614,DawnSSouth@dayrep.com,Hisay1963,813-732-9992,159,65.9,6/27/1963,"Helping Hand",266-62-5781
American,406,Dubay,Peter,S,"1779 Hiney Road",89102,PeterSDubay@jourrapide.com,Woughts,702-248-8085,183,79.7,3/10/1992,"Pantry Food Stores",680-18-2764
American,407,Buck,Mary,M,"1813 Reppert Coal Road",48092,MaryMBuck@superrito.com,Noby1973,586-947-0230,162,105.1,3/28/1973,"Handy Andy Home Improvement Center",374-27-6989
American,408,Johnson,Larry,J,"4765 Oak Street",13224,LarryJJohnson@cuvox.de,Sessinget,315-286-5488,176,71.3,11/25/1998,"Prahject Planner",087-26-3658
American,409,Whitney,Joseph,N,"1980 Nash Street",60610,JosephNWhitney@cuvox.de,Hentle,312-979-8809,167,87.2,7/10/1966,d.e.m.o.,333-62-6739
American,410,Brown,David,C,"3882 Waterview Lane",88001,DavidCBrown@cuvox.de,Timperall,505-442-4914,168,69.3,10/28/1995,"Future Plan",525-18-9037
American,411,Reed,Yolanda,M,"48 Shingleton Road",49125,YolandaMReed@rhyta.com,Duccoldany,269-426-6343,154,98.9,7/28/1965,"Childs Restaurants",364-90-6530
American,412,Cote,Cecile,J,"4301 Pooz Street",08882,CecileJCote@rhyta.com,Foold1944,732-238-8877,160,55.1,5/20/1944,"Bumper to Bumper Auto Parts",141-13-8114
American,413,Myers,Norma,J,"2328 Park Boulevard",50216,NormaJMyers@rhyta.com,Ladmis,641-757-9316,159,68.0,12/11/1953,"Fresh Start",482-44-0773
American,414,Lester,Debra,M,"1390 Trails End Road",33311,DebraMLester@gustr.com,Verthe,954-309-9662,173,73.3,12/19/1993,"O.K. Fairbanks",771-18-9921
American,415,Daniels,Randolph,L,"465 Stiles Street",15108,RandolphLDaniels@superrito.com,Clave1961,412-604-5994,180,63.5,7/26/1961,Alexander's,164-07-0563
American,416,Thome,Susan,S,"46 Dye Street",85225,SusanSThome@superrito.com,Trighom40,480-786-0397,156,84.1,10/10/1940,"Herman's World of Sporting Goods",764-44-6046
American,417,Tracy,Larry,P,"3365 Meadow Drive",73109,LarryPTracy@gustr.com,Rowdre,405-990-3286,184,73.1,7/21/1958,"AM/PM Camp",447-30-8226
American,418,Smith,Viola,L,"2873 Cambridge Court",72801,ViolaLSmith@fleckens.hu,Cyre1978,479-967-1415,171,74.4,11/5/1978,"Helios Air",430-09-0194
American,419,Noga,Chris,M,"2351 Hartway Street",57375,ChrisMNoga@fleckens.hu,Marming,605-732-8504,171,92.5,5/11/1968,"Monk Home Loans",504-48-2732
American,420,Vasquez,Gloria,S,"3642 North Avenue",68104,GloriaSVasquez@dayrep.com,Thury1981,402-740-4051,169,100.9,2/22/1981,"Custom Sound",506-92-9115
American,421,Williamson,Emma,A,"4998 Eagle Street",62234,EmmaAWilliamson@cuvox.de,Whoune,618-346-0011,171,72.0,5/13/1977,"Britches of Georgetown",328-54-4883
American,422,Baker,Cynthia,D,"1837 Newton Street",56273,CynthiaDBaker@einrot.com,Sherstrand,320-354-9203,168,78.2,5/18/1933,"The Great Train Stores",469-66-4665
American,423,Antone,Philip,K,"3171 Ingram Street",45402,PhilipKAntone@superrito.com,Suffecor,937-470-6868,188,91.8,2/26/1966,"Monk House Sales",279-11-1500
American,424,Frazier,Joe,R,"3062 Melrose Street",99109,JoeRFrazier@teleworm.us,Rearted1968,509-935-5379,177,86.0,8/29/1968,Maxi-Tech,532-72-4730
American,425,Buckland,Timothy,M,"1428 Queens Lane",24574,TimothyMBuckland@jourrapide.com,Undranices,434-922-3576,188,101.4,2/20/1963,"Levitz Furniture",699-03-8231
American,426,Houston,Cherie,J,"393 White Lane",31009,CherieJHouston@gustr.com,Hatheat,478-862-7230,162,65.7,9/11/1972,Thompson,253-01-7750
American,427,Alves,Walter,K,"572 Parkway Street",90017,WalterKAlves@armyspy.com,Aness1985,760-316-9184,175,98.9,11/14/1985,"Monk Real Estate Service",607-05-9973
American,428,Gravely,Melissa,P,"1359 Hidden Valley Road",17013,MelissaPGravely@dayrep.com,Dowervance,717-245-7898,157,54.0,5/26/1970,Profitpros,204-48-2590
American,429,Ortiz,Deborah,W,"4892 Andy Street",57201,DeborahWOrtiz@teleworm.us,Hingst,605-467-0625,151,75.7,8/31/1945,"Endicott Johnson",503-68-7442
American,430,Crutcher,Billy,C,"1459 Stark Hollow Road",81654,BillyCCrutcher@einrot.com,Angiver,970-923-6649,177,65.6,3/27/1952,Stratapro,652-34-3052
American,431,Beals,Ira,M,"39 Cunningham Court",48150,IraMBeals@armyspy.com,Cocruch,248-722-4724,157,53.0,9/12/1971,"Rhodes Furniture",375-05-9672
American,432,Brannigan,William,T,"4051 Union Street",98109,WilliamTBrannigan@fleckens.hu,Gromer,206-786-8652,188,90.8,4/24/1969,"Bountiful Harvest Health Food Store",538-09-3936
American,433,Fryer,Leo,S,"3660 Steele Street",60106,LeoSFryer@armyspy.com,Conothimand49,630-647-7454,163,91.0,11/30/1949,"Formula Gray",325-14-5939
American,434,Kincade,Gregory,T,"3491 Ritter Street",35645,GregoryTKincade@rhyta.com,Crum1975,256-272-2711,170,109.5,6/13/1975,"Buck Alley Lumber",416-38-8040
American,435,Torres,Wanda,S,"1749 Jacobs Street",15212,WandaSTorres@dayrep.com,Thiselach,412-329-4891,156,67.2,7/2/1982,"Builders Square",181-03-2853
American,436,Kizer,Kyle,M,"289 Lakeland Park Drive",30091,KyleMKizer@rhyta.com,Serthe,770-596-8886,181,79.0,8/6/1951,"Life Map Planners",668-30-4149
American,437,Flowers,Erica,B,"4586 Colony Street",06905,EricaBFlowers@gustr.com,Thervought,203-253-1693,159,57.4,2/14/1944,"The Flying Hippo ",046-92-3340
American,438,Hamrick,Deborah,S,"1502 Locust View Drive",94143,DeborahSHamrick@einrot.com,Wasymper,415-902-5937,153,88.7,6/13/1999,Grossman's,618-16-5449
American,439,Jimenez,Victor,C,"4035 Lilac Lane",30415,VictorCJimenez@armyspy.com,Beenests,912-587-5319,180,86.3,11/26/1937,"The Flying Hippo ",254-86-0863
American,440,Velazco,Barbra,S,"4991 Mount Tabor",10007,BarbraSVelazco@cuvox.de,Hought,914-525-7344,165,68.5,5/14/1999,Konsili,056-94-8592
American,441,Stoddard,Benjamin,J,"3144 Maple Court",63901,BenjaminJStoddard@rhyta.com,Reckeddens,573-362-6558,181,74.0,7/24/1955,Grossman's,490-02-2261
American,442,Lambert,Carlos,C,"2265 Earnhardt Drive",40205,CarlosCLambert@gustr.com,Tholuthe,502-672-6363,167,77.9,1/9/1937,"The Original House of Pies",401-26-8197
American,443,Simms,Deborah,M,"1732 Ward Road",79906,DeborahMSimms@einrot.com,Youty1983,915-256-4626,158,98.8,7/8/1983,"White Tower Hamburgers",636-66-3335
American,444,Cain,Benita,J,"1518 Midway Road",72840,BenitaJCain@teleworm.us,Hichy1958,479-497-8175,168,61.9,6/23/1958,"Pro Yard Services",678-10-3548
American,445,Stevenson,Sarah,W,"4251 Khale Street",29492,SarahWStevenson@dayrep.com,Likessurbaus,843-532-2048,150,86.5,11/25/1934,Profitpros,251-72-6283
American,446,McMullen,Adella,K,"1292 Olen Thomas Drive",76234,AdellaKMcMullen@teleworm.us,Qualown,940-627-2341,156,52.3,1/16/1935,Intelacard,641-44-3006
American,447,Montoya,Donna,J,"1975 Sun Valley Road",99201,DonnaJMontoya@jourrapide.com,Thatedge,509-863-3691,156,66.5,12/15/1933,"Franklin Music",537-28-4680
American,448,Parker,Shelly,H,"2907 Gandy Street",13224,ShellyHParker@armyspy.com,Frouleem,315-243-5340,162,73.4,7/28/1951,"Consumers Food and Drug",054-64-3597
American,449,Woodruff,Douglas,C,"4638 Moonlight Drive",08102,DouglasCWoodruff@rhyta.com,Hinknow,609-571-8794,177,68.1,5/13/1990,Edwards,154-11-8258
American,450,Wilbanks,Pablo,N,"2373 Doctors Drive",90017,PabloNWilbanks@teleworm.us,Hemat1962,310-432-9757,184,99.4,10/8/1962,"Earl Abel's",625-90-8966
American,451,Martin,Luther,K,"3563 Buckhannan Avenue",13202,LutherKMartin@teleworm.us,Sperve,315-473-7179,186,68.3,8/2/1986,"Pantry Food Stores",070-62-5377
American,452,Degraffenreid,Susan,D,"2293 Chenoweth Drive",38555,SusanDDegraffenreid@rhyta.com,Alung1999,931-456-5251,175,56.5,4/18/1999,"Webcom Business Services",757-01-6038
American,453,Miller,Jennifer,M,"1967 Elk City Road",46229,JenniferMMiller@dayrep.com,Spreorke1958,317-897-7022,163,79.1,4/14/1958,"Childrens Bargain Town",306-62-6788
American,454,Folk,Terrance,P,"170 Daffodil Lane",20011,TerrancePFolk@superrito.com,Thak1990,703-480-0479,180,79.1,2/17/1990,"Mansmann's Department Store",692-01-2315
American,455,Tims,Rafael,N,"2981 Maple Street",92801,RafaelNTims@superrito.com,Nakenceral,714-307-8715,166,102.5,10/17/1936,"La Petite Boulangerie",567-94-7854
American,456,Sapp,Tammy,A,"4268 Diamond Street",28655,TammyASapp@gustr.com,Sonalf,828-437-6661,167,67.6,12/4/1945,"Magna Architectural Design",682-01-3931
American,457,Summers,Kevin,P,"1738 Daffodil Lane",20005,KevinPSummers@jourrapide.com,Froppire,703-485-3991,179,107.2,9/7/1963,Wetson's,693-01-3651
American,458,Smith,Holly,C,"1969 Ella Street",94108,HollyCSmith@rhyta.com,Weselot,650-296-4727,170,54.8,1/24/1963,Datacorp,556-01-1840
American,459,Reynolds,Aaron,M,"548 Cessna Drive",46802,AaronMReynolds@jourrapide.com,Prucapterse,260-307-9305,183,60.2,4/18/1936,Prospa-Pal,306-22-5749
American,460,Williams,Phillip,A,"3846 Wright Court",35244,PhillipAWilliams@einrot.com,Tainight92,205-987-1890,176,66.5,8/14/1992,Afforda,422-88-8801
American,461,Burke,Donald,C,"22 Edwards Street",27804,DonaldCBurke@cuvox.de,Ilare1993,252-773-5623,182,98.7,4/19/1993,"Record Town",241-82-6074
American,462,Wakefield,Frank,D,"2172 Straford Park",41631,FrankDWakefield@fleckens.hu,Beeforgent1964,606-587-1167,179,112.2,5/2/1964,"A.J. August Fashion Wear",401-63-1249
American,463,Bass,Vaughn,S,"4935 Jones Avenue",27107,VaughnSBass@teleworm.us,Dited1937,336-806-2553,179,77.0,6/4/1937,"Reliable Guidance",685-09-0932
American,464,Jones,Steve,K,"1860 Redbud Drive",10011,SteveKJones@jourrapide.com,Soutimseling,347-731-9205,173,82.4,12/10/1936,"Dream Home Real Estate Service",065-42-6456
American,465,Williams,Danny,W,"53 Hillside Street",85034,DannyWWilliams@einrot.com,Rubligod,480-529-0228,174,69.7,12/4/1994,Libera,600-05-0497
American,466,Wallis,Christopher,R,"4982 Patterson Road",10461,ChristopherRWallis@dayrep.com,Witionothe,718-822-7623,179,75.8,6/30/1952,"Kelsey's Neighbourhood Bar & Grill",127-20-6088
American,467,London,Maureen,W,"2731 Boggess Street",45066,MaureenWLondon@dayrep.com,Wherenot,937-885-9878,167,99.5,12/31/1960,"Food Giant",282-24-6217
American,468,Walker,James,L,"1089 Ashford Drive",22201,JamesLWalker@fleckens.hu,Cantesind1957,703-696-4446,183,72.7,2/20/1957,Mikrotechnic,223-01-2530
American,469,Opitz,Ralph,J,"2364 Wiseman Street",37921,RalphJOpitz@teleworm.us,Domse1946,865-406-8184,164,74.3,8/8/1946,Foxmoor,414-77-0961
American,470,Jennings,Ronald,M,"3422 Washington Avenue",39402,RonaldMJennings@fleckens.hu,Johasked51,601-988-1367,185,101.4,7/3/1951,"Practi-Plan Mapping",425-22-4402
American,471,Gillett,Douglas,A,"310 Mulberry Lane",33410,DouglasAGillett@dayrep.com,Hicassele,561-796-1810,173,67.9,2/28/1989,"ABCO Foods",770-10-6460
American,472,Root,Robert,M,"1154 Liberty Street",75074,RobertMRoot@einrot.com,Whinly,214-836-7770,172,70.4,2/4/1974,Bettendorf's,634-76-5138
American,473,Capone,Laura,R,"4811 Red Bud Lane",07662,LauraRCapone@dayrep.com,Nowing,862-686-0394,154,74.6,5/11/1958,"Xray Eye & Vision Clinics",139-24-8921
American,474,Bradley,Heidi,J,"4816 Ash Street",75039,HeidiJBradley@rhyta.com,Opithought,972-830-4022,158,64.7,5/19/1943,Janeville,449-41-8012
American,475,Hepp,Maria,M,"3339 Chardonnay Drive",97214,MariaMHepp@teleworm.us,Himagettery,360-214-6871,158,103.8,4/30/1958,"Lafayette Radio",533-27-6614
American,476,Shipp,David,J,"787 Simpson Square",73006,DavidJShipp@cuvox.de,Wasither,580-588-2480,166,65.9,2/21/1943,"The Royal Canadian Pancake Houses",440-20-7953
American,477,Smith,Melvin,P,"4741 Poe Lane",66018,MelvinPSmith@cuvox.de,Hoween,913-585-7349,177,83.0,10/21/1937,"The Record Shops at TSS",515-17-3832
American,478,Wagoner,Genaro,K,"4460 Baker Avenue",75204,GenaroKWagoner@jourrapide.com,Migen1989,817-840-8817,174,78.3,6/22/1989,"Webcom Business Services",461-79-1638
American,479,Brashears,Jo,T,"3857 Grant Street",75401,JoTBrashears@dayrep.com,Fings1981,903-860-2684,174,90.6,9/20/1981,"Cuppy's Coffee",632-50-5150
American,480,Bernal,Randall,E,"4750 George Avenue",36602,RandallEBernal@rhyta.com,Toulden1961,251-241-9984,167,112.8,7/4/1961,"Life Map",423-49-8601
American,481,Harris,Emma,C,"2165 Corbin Branch Road",37643,EmmaCHarris@superrito.com,Conesee,423-542-5105,161,55.5,2/27/1977,Alexander's,413-16-7115
American,482,Jackson,Leanna,K,"4675 Poplar Lane",33012,LeannaKJackson@superrito.com,Friesess,305-544-0392,157,99.1,8/7/1983,Silo,767-42-3749
American,483,Heath,Kristen,R,"2160 Still Street",43602,KristenRHeath@einrot.com,Sopupose,419-705-1717,168,64.8,7/27/1935,"Ideal Garden Maintenance",292-03-1208
American,484,Gipson,Pamela,S,"1898 Romano Street",02141,PamelaSGipson@jourrapide.com,Moks1963,781-406-9664,153,81.5,5/14/1963,"Destiny Realty Solutions",031-62-8441
American,485,Carlson,Francis,R,"221 Randolph Street",01610,FrancisRCarlson@einrot.com,Tudith1947,508-684-6520,183,67.2,7/14/1947,"Environ Architectural Design",022-09-3714
American,486,Acevedo,Anthony,H,"2317 Apple Lane",61602,AnthonyHAcevedo@gustr.com,Weet1999,309-265-9453,176,90.2,12/24/1999,"Brooks Fashions",318-74-9128
American,487,Keller,Peggy,E,"2759 Traction Street",29673,PeggyEKeller@superrito.com,Theresobted,864-570-0009,170,69.9,4/20/1944,Sagebrush,247-81-2361
American,488,Ocampo,James,G,"3622 Tator Patch Road",60457,JamesGOcampo@dayrep.com,Agireve,312-898-0912,169,110.8,2/18/1964,"Castle Realty",330-42-0607
American,489,Olea,Paul,D,"3490 Still Street",44992,PaulDOlea@cuvox.de,Mingenty,419-689-1279,172,101.4,1/9/1990,"Quality Realty Service",274-28-4980
American,490,Coffman,William,T,"618 Passaic Street",20783,WilliamTCoffman@armyspy.com,Thournes,202-306-9294,179,111.6,10/29/1992,"John M. Smyth's Homemakers",578-48-4642
American,491,Bell,John,E,"4670 Scenic Way",61841,JohnEBell@jourrapide.com,Onday1958,217-733-7808,170,102.5,12/3/1958,"Crown Auto Parts",355-98-2566
American,492,Taylor,Timothy,M,"3026 Nutter Street",64444,TimothyMTaylor@rhyta.com,Debtrate,816-227-4970,181,67.4,2/22/1980,Chandlers,489-04-8577
American,493,Lenz,Rachel,B,"3694 Morris Street",78205,RachelBLenz@fleckens.hu,Morselp,830-290-4656,164,79.9,6/26/1979,"Landskip Yard Care",461-83-7885
American,494,Hester,Adam,B,"1235 Woodside Circle",32401,AdamBHester@superrito.com,Prooped,850-757-0562,178,77.4,10/9/1933,"Specific Appraisals",772-48-3356
American,495,Washington,August,D,"2596 Marion Drive",33602,AugustDWashington@dayrep.com,Inglast,813-479-8599,172,102.2,4/18/1964,"Complete Tech",262-03-6553
American,496,Macdonald,Ann,L,"3576 Oakway Lane",91204,AnnLMacdonald@rhyta.com,Earessiong,818-291-4037,159,98.7,5/6/1989,"Enviro Architectural Designs",623-47-9887
American,497,Hamlet,Allen,K,"282 New Creek Road",46802,AllenKHamlet@armyspy.com,Earry1944,260-242-5847,164,95.1,10/13/1944,Protean,306-80-8137
American,498,Gay,Dianne,M,"2361 Holden Street",92101,DianneMGay@rhyta.com,Areaddre,619-231-6015,153,61.1,8/15/1956,"Sun Foods",565-77-3009
American,499,Holmes,Jorge,D,"766 Sardis Station",55411,JorgeDHolmes@cuvox.de,Skint1990,612-521-5921,171,87.2,5/20/1990,"Museum Company",469-29-6400
American,500,Jorgenson,Luz,J,"4469 Post Farm Road",30342,LuzJJorgenson@teleworm.us,Pationol,404-257-7495,166,94.9,10/28/1954,"Rose Records",668-26-9947
American,501,Newman,Emerson,J,"907 Lawman Avenue",22090,EmersonJNewman@einrot.com,Carsed,703-209-4631,174,113.2,12/24/1982,"Crazy Tiger",226-83-7817
American,502,Kennedy,Bobby,M,"3053 Scenicview Drive",79845,BobbyMKennedy@jourrapide.com,Thice1943,432-229-2092,181,77.7,5/5/1943,"Champion Auto",464-93-8769
American,503,Mueller,Jacinto,E,"3868 Joes Road",12078,JacintoEMueller@gustr.com,Bregivers,518-773-5526,173,109.0,8/16/1978,"Joseph Magnin",105-94-6948
American,504,Corrales,Carmen,D,"2682 Richards Avenue",95329,CarmenDCorrales@cuvox.de,Lierhan,209-852-9520,153,84.1,7/28/1965,"Shoe Kicks",604-02-0014
American,505,Evanoff,Daniel,T,"1846 Jessie Street",43812,DanielTEvanoff@fleckens.hu,Imnion,740-622-5756,187,58.1,12/5/1996,"Honest Air Group",300-70-2706
American,506,Esters,Juan,M,"4889 Red Bud Lane",07102,JuanMEsters@cuvox.de,Evaithere,862-307-0250,178,97.1,4/27/1974,"Belle Ladi",147-40-4064
American,507,Flakes,Susan,B,"3546 Par Drive",93301,SusanBFlakes@fleckens.hu,Histrearret,805-840-0337,174,102.3,1/23/1987,"The Flying Bear",620-55-0940
American,508,Garzon,Don,D,"2157 College View",62451,DonDGarzon@jourrapide.com,Sether,618-586-5223,184,107.0,1/14/1966,"Payless Cashways",320-04-1544
American,509,Diego,Greg,P,"2617 Frum Street",37203,GregPDiego@einrot.com,Whisibee,615-340-6446,190,85.7,3/14/1990,"Robert Hall",762-01-1202
American,510,Thurman,Robert,W,"1736 Eagles Nest Drive",95695,RobertWThurman@cuvox.de,Dulthichuraw,530-669-4889,175,66.3,6/22/1973,"AJ Bayless",558-63-6981
American,511,Pinckney,David,B,"4212 Stroop Hill Road",30076,DavidBPinckney@cuvox.de,Allem1961,404-849-7886,185,97.3,5/1/1961,"Childs Restaurants",670-05-7679
American,512,Jose,Robert,S,"1653 Villa Drive",46601,RobertSJose@rhyta.com,Andoned,574-282-2941,179,83.5,3/15/1955,Musicland,315-27-9537
American,513,Potts,Lillia,E,"1336 Southside Lane",90046,LilliaEPotts@rhyta.com,Texprolven1983,323-698-2661,161,63.8,2/3/1983,"Manning's Cafeterias",608-12-0569
American,514,Kincer,George,M,"4195 Calico Drive",99114,GeorgeMKincer@superrito.com,Loverrien,509-685-3548,183,67.3,3/13/1950,"Kohl's Food Stores",536-15-9915
American,515,Garcia,Velia,G,"3780 Big Indian",70112,VeliaGGarcia@fleckens.hu,Viode1947,504-552-8152,167,49.4,1/20/1947,"Buckeye Furniture",435-99-1842
American,516,Monday,Israel,B,"4993 Gandy Street",63141,IsraelBMonday@rhyta.com,Wans1994,314-993-8574,190,83.6,10/20/1994,Weingarten's,494-36-8475
American,517,Washington,Jenna,R,"1146 Oakridge Lane",31093,JennaRWashington@fleckens.hu,Mayely,478-212-5655,160,80.0,4/14/1969,"The Wiz",673-26-9389
American,518,Wiles,Heather,F,"1533 Star Trek Drive",32505,HeatherFWiles@armyspy.com,Hathed,850-418-4841,165,63.6,4/19/1956,Gamble-Skogmo,267-96-4368
American,519,Allen,Mildred,C,"1315 Fleming Way",23219,MildredCAllen@armyspy.com,Andinds,804-697-0248,168,94.3,5/23/1943,"Total Yard Maintenance",693-03-4518
American,520,Acker,Kim,J,"2345 Fleming Way",23224,KimJAcker@fleckens.hu,Expriamere,804-674-4105,170,101.5,2/4/1957,"Bloom Brothers Furniture",227-13-4518
American,521,Elliott,Charles,J,"1242 Hog Camp Road",60466,CharlesJElliott@einrot.com,Yessund67,708-503-8283,182,84.1,5/23/1967,"Sports Unlimited",337-80-1558
American,522,Rainey,Yvette,R,"3550 Eagles Nest Drive",94730,YvetteRRainey@armyspy.com,Mitersell,530-581-2383,174,59.7,4/18/1973,Stratagee,624-29-2295
American,523,Hicks,Carl,V,"1604 Marshall Street",21811,CarlVHicks@teleworm.us,Plarturer,410-629-5674,176,89.0,11/5/1986,"Sun Television and Appliances",220-45-1346
American,524,Eversole,Raul,M,"595 Seneca Drive",97204,RaulMEversole@jourrapide.com,Emenim,503-914-7536,180,71.1,9/26/1982,"Paul Harris",544-64-9257
American,525,Sharp,Carlos,C,"1007 Hoffman Avenue",11791,CarlosCSharp@armyspy.com,Artheaduck,917-889-3004,171,88.7,6/15/1958,"Pro Star Garden Management",104-48-9895
American,526,Getz,Jennifer,F,"3335 Snider Street",80903,JenniferFGetz@cuvox.de,Arents,719-955-0474,159,66.8,8/15/1941,"Sunny Real Estate Investments",653-38-2399
American,527,Alston,John,M,"74 Walkers Ridge Way",60185,JohnMAlston@dayrep.com,Barre1977,630-293-5778,169,108.7,6/10/1977,"Erb Lumber",355-05-1610
American,528,Michaels,Gordon,V,"1352 Gregory Lane",40202,GordonVMichaels@dayrep.com,Foussongin1947,502-595-4824,166,77.4,4/29/1947,"Auto Works",404-63-8774
American,529,Newton,Aubrey,J,"4010 Rockwell Lane",27845,AubreyJNewton@cuvox.de,Expressel,252-534-7134,171,74.4,12/15/1962,"Success Is Yours",246-23-3527
American,530,Ozment,Mark,J,"4009 Sharon Lane",46601,MarkJOzment@superrito.com,Cattess,574-245-7457,171,95.5,1/17/1962,Titania,314-68-8427
American,531,Twomey,Steve,M,"2857 Davis Lane",80203,SteveMTwomey@superrito.com,Shom1935,720-263-2948,166,94.5,9/27/1935,"Music Boutique",650-07-6262
American,532,Simon,Howard,S,"98 Melville Street",38002,HowardSSimon@jourrapide.com,Riess1982,731-343-0195,179,70.3,3/6/1982,Stratagee,757-01-1433
American,533,Watkins,Vernon,J,"3557 Hartway Street",57761,VernonJWatkins@teleworm.us,Raws1935,605-702-8845,166,97.7,4/4/1935,Packer,504-92-8464
American,534,Nimmo,Bernard,J,"2019 Butternut Lane",62260,BernardJNimmo@superrito.com,Somenclover,618-476-8508,178,110.5,5/7/1989,"Edge Yard Service",321-28-6062
American,535,Smith,Kimberly,S,"4905 Scott Street",12601,KimberlySSmith@fleckens.hu,Olud1973,845-465-5563,156,64.7,12/27/1973,"Body Fate",066-84-5249
American,536,Young,Roger,G,"4261 Despard Street",30342,RogerGYoung@armyspy.com,Uning1964,404-705-7901,186,111.9,4/3/1964,"King Carol",258-54-0367
American,537,Pack,Mark,M,"1819 Kelley Road",39501,MarkMPack@teleworm.us,Velsomens,228-533-6487,171,84.6,3/10/1965,Sagebrush,426-27-5099
American,538,McDaniel,Mildred,J,"3810 Everette Alley",33131,MildredJMcDaniel@rhyta.com,Thadmories,954-780-8371,160,101.6,5/8/1984,"Sunny Real Estate Investments",767-03-4734
American,539,Crisp,Paul,L,"4425 Virginia Street",60611,PaulLCrisp@gustr.com,Twoultall,773-601-3477,164,80.6,11/19/1941,"Alladin's Lamp",327-38-2474
American,540,Cronin,Mary,R,"3081 Sweetwood Drive",80002,MaryRCronin@superrito.com,Lestathe,303-420-4078,173,61.7,12/11/1994,"Cala Foods",524-39-4061
American,541,Chaney,John,M,"3750 Millbrook Road",60187,JohnMChaney@cuvox.de,Ancienser,630-752-1735,182,68.8,9/23/1964,"Steak and Ale",330-68-4079
American,542,Doyle,Kimberly,B,"738 Oak Way",68643,KimberlyBDoyle@dayrep.com,Plarriving,402-487-6583,161,55.5,11/29/1964,Furrow's,508-17-2928
American,543,Schultheis,Marie,W,"2201 Lindale Avenue",95131,MarieWSchultheis@armyspy.com,Fluesen1968,510-496-9131,161,70.7,3/7/1968,"Pay 'N Pak",564-52-8221
American,544,Epperson,Karen,M,"3717 Powder House Road",33463,KarenMEpperson@fleckens.hu,Indecing,561-706-0782,172,56.1,7/21/1994,"Poore Simon's",768-34-2826
American,545,Urias,Kerry,J,"3674 Mount Street",48749,KerryJUrias@gustr.com,Carthersaing,989-653-1410,155,96.5,12/6/1957,"System Star",363-84-2744
American,546,Blanco,William,J,"4328 Lena Lane",39201,WilliamJBlanco@gustr.com,Themblent,601-540-0435,178,64.7,11/25/1949,"Galaxy Man",427-69-8081
American,547,Cox,Dion,M,"895 Tail Ends Road",54303,DionMCox@teleworm.us,Youlgron,920-617-2120,179,100.9,2/20/1981,"Omni Source",389-78-5538
American,548,Crowe,Donna,E,"1688 Berkley Street",19103,DonnaECrowe@superrito.com,Thron1977,484-893-0955,154,84.1,8/9/1977,"Zephyr Investments",202-76-6976
American,549,Bowman,Frances,W,"1199 Romines Mill Road",75247,FrancesWBowman@einrot.com,Altatter,214-615-2990,168,92.0,8/7/1946,"Mission G",643-92-9302
American,550,Malloy,Valencia,D,"200 Sunrise Road",89101,ValenciaDMalloy@einrot.com,Trailtoo,702-993-2210,159,81.7,9/27/1970,"Roadhouse Grill",530-10-0295
American,551,Magee,William,B,"2322 B Street",55121,WilliamBMagee@gustr.com,Thatese1976,651-683-3128,175,112.7,7/7/1976,"Simply Appraisals",470-02-0322
American,552,Dalton,Michael,G,"1294 Turnpike Drive",35010,MichaelGDalton@dayrep.com,Reeld1941,256-409-9205,179,78.0,8/7/1941,Sportswest,416-34-5180
American,553,Campbell,Anita,K,"297 Rosebud Avenue",71602,AnitaKCampbell@jourrapide.com,Maddle1951,870-390-2285,167,86.8,12/28/1951,"Irving's Sporting Goods",432-39-1440
American,554,Strawser,Michael,R,"1174 Adams Avenue",20770,MichaelRStrawser@rhyta.com,Andnig,301-646-1697,177,73.5,9/8/1942,"Hanover Shoe",212-60-8876
American,555,Elliott,Eric,L,"3683 Pick Street",81435,EricLElliott@teleworm.us,Musibiguld,970-729-9223,169,87.5,9/11/1954,"The Spotted Cougar",521-07-8793
American,556,Montez,Charles,C,"1160 Airplane Avenue",06902,CharlesCMontez@armyspy.com,Thatme,860-858-0635,189,71.6,2/14/1973,"John M. Smyth's Homemakers",049-60-8702
American,557,Stroud,Lupe,J,"3403 Centennial Farm Road",51566,LupeJStroud@dayrep.com,Thisce,712-621-1706,162,53.0,4/26/1957,"Two Pesos",481-09-0744
American,558,Halcomb,Loretta,S,"4209 Bingamon Branch Road",12525,LorettaSHalcomb@gustr.com,Womers,845-897-6009,162,97.8,7/25/1975,Dahlkemper's,118-42-9507
American,559,Webster,Phil,M,"3365 Oakway Lane",91204,PhilMWebster@fleckens.hu,Youring,818-265-9561,169,71.1,12/27/1993,"Dick Fischers",545-99-9989
American,560,Boyd,Margaret,A,"2375 Little Street",44512,MargaretABoyd@gustr.com,Likentles,330-640-7020,164,96.8,3/16/1946,"The Pink Pig Tavern",278-07-2879
American,561,Descoteaux,Thomas,M,"3402 Fincham Road",91941,ThomasMDescoteaux@gustr.com,Muddly,760-516-6654,171,105.8,11/6/1955,"Gamma Gas",560-06-1525
American,562,Byrd,Angie,M,"4794 Drummond Street",08854,AngieMByrd@superrito.com,Grom1981,973-294-8067,169,55.2,4/18/1981,"Price Savers",137-84-2089
American,563,Neale,William,R,"660 Brown Bear Drive",92614,WilliamRNeale@jourrapide.com,Addeat,951-756-7082,179,96.4,1/13/1992,Libera,565-10-9140
American,564,Riley,Brian,D,"1693 Turnpike Drive",35601,BrianDRiley@dayrep.com,Reard1958,256-416-4483,175,80.3,1/10/1958,"Home Centers",422-21-7463
American,565,Cantin,Martha,S,"1049 Thrash Trail",75601,MarthaSCantin@dayrep.com,Wasibbelf,903-615-5415,155,63.4,5/3/1951,"Johnson's General Stores",452-36-7591
American,566,Henderson,Carolyn,D,"927 Charles Street",48335,CarolynDHenderson@jourrapide.com,Thany1958,734-470-2129,160,58.5,3/30/1958,"H.C. Bohack",375-76-3168
American,567,Gean,Marjorie,B,"2491 Park Avenue",95814,MarjorieBGean@fleckens.hu,Stroffeld1972,916-446-4401,158,99.6,10/20/1972,"Buena Vista Realty Service",546-86-9275
American,568,Dean,Nick,A,"3356 Moore Avenue",76104,NickADean@teleworm.us,Uponed,817-690-0896,185,88.3,8/22/1953,"Gold Medal",633-18-6899
American,569,Diaz,Julie,J,"3065 Harry Place",28086,JulieJDiaz@dayrep.com,Melf1947,704-730-7458,170,81.1,1/13/1947,"Channel Home Centers",688-09-7751
American,570,Sealey,Michael,J,"1868 Derek Drive",44308,MichaelJSealey@teleworm.us,Befoulot,330-412-9438,178,95.1,10/19/1962,"Pup 'N' Taco",280-98-1466
American,571,Wilkinson,Clifford,S,"31 Walt Nuzum Farm Road",14445,CliffordSWilkinson@armyspy.com,Handes,585-381-4760,172,94.9,11/3/1991,"KB Toys",132-09-3897
American,572,Garland,Melisa,M,"1248 Bell Street",10018,MelisaMGarland@dayrep.com,Butedinefs,212-239-3081,156,99.2,7/7/1983,"WWW Realty",087-05-7190
American,573,Colosimo,Jennifer,J,"2846 Fairmont Avenue",64624,JenniferJColosimo@fleckens.hu,Mader1937,660-345-6644,152,64.8,4/25/1937,"Plan Smart",487-70-5318
American,574,McNally,Rosalind,S,"749 Meadow Drive",59101,RosalindSMcNally@cuvox.de,Hatichoode,406-208-8157,166,57.5,3/26/1990,"Camelot Music",516-62-8016
American,575,Switzer,Laura,G,"4214 Ella Street",94607,LauraGSwitzer@teleworm.us,Canday,650-290-5581,167,87.7,3/4/1986,"Best Products",549-08-1871
American,576,Hancock,Bernice,R,"1320 Broadway Street",29405,BerniceRHancock@fleckens.hu,Riney1967,843-746-5377,153,92.2,10/17/1967,"Whitlocks Auto Supply",654-14-0180
American,577,Harris,Michael,J,"2696 Perine Street",22075,MichaelJHarris@einrot.com,Sairenecons1967,703-779-5892,185,105.1,4/10/1967,"Super Shops",228-08-7572
American,578,Caron,Ellen,J,"4779 Grim Avenue",92103,EllenJCaron@teleworm.us,Gairly,619-803-6552,172,56.0,7/7/1956,Jacobs,556-15-8281
American,579,Johnson,Jerome,E,"1825 Late Avenue",73102,JeromeEJohnson@superrito.com,Forse1965,580-768-7918,166,108.4,1/23/1965,"Krauses Sofa Factory",447-98-4709
American,580,Fish,Ashlee,E,"4833 Rosewood Court",56028,AshleeEFish@teleworm.us,Reptupose,507-267-1555,172,89.2,11/30/1974,Briazz,474-17-5107
American,581,O'Connor,Troy,P,"1118 Scott Street",12603,TroyPOConnor@dayrep.com,Assight,845-463-9595,175,72.7,9/16/1969,"Kinney Shoes",050-94-7250
American,582,Brooks,Donna,A,"4329 Burke Street",02141,DonnaABrooks@teleworm.us,Waime1969,781-267-2909,153,90.2,4/23/1969,"Magna Solution",027-14-7601
American,583,Pitre,Ashley,G,"1270 Sharon Lane",46360,AshleyGPitre@jourrapide.com,Fancessid,574-204-4786,164,105.4,4/5/1968,"Music Boutique",303-27-7660
American,584,Donovan,Brenda,C,"1902 Golf Course Drive",22090,BrendaCDonovan@fleckens.hu,Ince1992,703-314-4983,171,86.2,5/5/1992,"Handy City",693-01-1066
American,585,Carvalho,Julia,J,"4573 Chipmunk Lane",04864,JuliaJCarvalho@gustr.com,Estand1981,207-273-3591,174,93.9,6/14/1981,Adaptaz,004-62-7394
American,586,Powell,Danny,S,"3268 Lakeland Terrace",48185,DannySPowell@teleworm.us,Therty,734-338-2804,177,72.5,10/19/1947,"Family Toy",364-31-6406
American,587,Brown,Noel,B,"4500 Johnson Street",27513,NoelBBrown@cuvox.de,Shme1998,919-921-8851,179,94.6,6/3/1998,"Dee's Drive-In",686-03-7966
American,588,Hauser,Jospeh,D,"3794 Gerald L. Bates Drive",02142,JospehDHauser@einrot.com,Vaggrosen,617-870-0310,183,90.6,11/29/1986,"One-Up Realtors",020-36-0908
American,589,Moloney,Merry,F,"1961 Parrish Avenue",93901,MerryFMoloney@einrot.com,Clefor,831-241-0786,162,96.5,12/17/1989,"Record Bar",613-58-0717
American,590,Blank,Gary,B,"2196 Devils Hill Road",39042,GaryBBlank@einrot.com,Afty1981,601-829-0309,175,81.5,2/27/1981,"Pergament Home Centers",425-91-4249
American,591,Jurgensen,Pamela,D,"196 Eden Drive",23219,PamelaDJurgensen@gustr.com,Maidest,804-930-0446,152,92.8,3/4/1940,"Buck Alley Lumber",696-01-1279
American,592,Furr,Leta,E,"367 Bicetown Road",10011,LetaEFurr@gustr.com,Roustich,917-312-4614,167,64.7,8/5/1999,"Planet Profit",104-56-2317
American,593,Shepard,Eric,L,"495 College View",62960,EricLShepard@jourrapide.com,Hansinsee,618-680-2072,165,94.9,12/22/1956,Musicland,328-56-0918
American,594,Downey,Ellen,R,"415 Crowfield Road",85034,EllenRDowney@teleworm.us,Omeato,602-809-9817,165,77.0,9/5/1941,"Integra Design",526-98-6404
American,595,Martin,Gale,C,"956 Ethels Lane",33912,GaleCMartin@armyspy.com,Assfor,863-840-2614,180,80.7,2/4/1998,Almacs,769-18-7489
American,596,Chandler,Esther,J,"858 Armbrester Drive",90278,EstherJChandler@fleckens.hu,Duch1981,310-542-8264,160,69.7,5/29/1981,"Smitty's Marketplace",625-90-8086
American,597,Tapley,Sharon,R,"1906 Reel Avenue",87112,SharonRTapley@fleckens.hu,Dertuary,505-323-8530,164,101.7,9/20/1940,"Piece Goods Fabric",585-61-9638
American,598,Rivas,Steven,S,"4564 Lakewood Drive",07446,StevenSRivas@teleworm.us,Ragrateakent,201-831-7063,168,80.0,10/22/1935,"The Spotted Cougar",157-01-3236
American,599,Barrett,George,S,"2866 Abner Road",54303,GeorgeSBarrett@dayrep.com,Sady1949,715-437-4659,166,77.2,5/10/1949,"Mr. Good Buys",398-20-6441
American,600,Allen,Sarah,A,"1884 Village View Drive",20706,SarahAAllen@gustr.com,Frookes,240-242-1523,158,79.6,8/21/1939,"Mansmann's Department Store",214-96-9637
American,601,Burroughs,Cecil,H,"2071 Jones Street",76134,CecilHBurroughs@cuvox.de,Siltard,817-551-2379,167,82.9,2/11/1936,"Skaggs-Alpha Beta",454-72-9846
American,602,Smith,Edmund,D,"1855 Mount Tabor",10952,EdmundDSmith@jourrapide.com,Enditarray,914-537-1166,180,94.4,9/28/1971,"Shoe Town",050-10-2745
American,603,Mack,Lauren,M,"787 Milford Street",03774,LaurenMMack@teleworm.us,Inere1991,603-787-6371,171,82.8,11/26/1991,"Aaronson Furniture",002-09-5742
American,604,Gray,Lillie,R,"859 Hall Valley Drive",24901,LillieRGray@teleworm.us,Gloold77,304-645-5877,160,56.1,1/11/1977,"Advansed Teksyztems",235-33-1757
American,605,Hartley,Michelle,E,"1086 Kincheloe Road",97205,MichelleEHartley@cuvox.de,Gessarcidigh,503-441-6178,165,70.4,1/4/1948,"AJ Bayless",540-41-9484
American,606,Wise,Miles,K,"3309 Lucky Duck Drive",15235,MilesKWise@cuvox.de,Exions,412-798-2346,169,102.8,4/6/1953,"Great Western",168-12-6953
American,607,Mason,Keith,S,"627 Broadcast Drive",22020,KeithSMason@superrito.com,Prinetheor,703-961-5434,181,69.6,7/17/1990,"Gino's Hamburgers",231-62-3903
American,608,Edward,Christy,T,"3093 Sunny Glen Lane",44109,ChristyTEdward@einrot.com,Prother,216-739-6108,156,63.3,8/1/1952,"York Steak House",301-36-6832
American,609,Smith,Christine,L,"440 Queens Lane",23917,ChristineLSmith@dayrep.com,Foreced,434-738-8197,169,87.0,1/1/1964,"Infinity Investment Plan",227-88-1611
American,610,Miller,Jose,B,"1785 Langtown Road",45840,JoseBMiller@cuvox.de,Derfe1948,567-230-9491,185,98.4,6/8/1948,"Burger Chef",290-74-1578
American,611,Garcia,Lori,W,"4240 Hanover Street",10011,LoriWGarcia@gustr.com,Swerstene1994,917-674-8340,170,85.1,4/24/1994,"Mr. Clark's Appliances",121-52-2576
American,612,Mercer,Michael,M,"3111 Still Street",45869,MichaelMMercer@jourrapide.com,Wasely1996,419-629-3293,186,82.1,8/17/1996,"Mr. Good Buys",291-10-7778
American,613,Willett,Zachary,T,"3577 Bryan Avenue",55102,ZacharyTWillett@superrito.com,Palwas,651-325-9981,168,107.1,1/28/1978,"Security Sporting Goods",470-30-9669
American,614,Hayden,Debra,C,"3655 Zappia Drive",41051,DebraCHayden@rhyta.com,Whamen,859-363-7139,160,47.4,2/5/1998,"Cala Foods",401-27-0554
American,615,Moore,Greta,I,"1684 Hart Ridge Road",48706,GretaIMoore@gustr.com,Difistrunde,989-280-6682,154,88.8,5/13/1937,"Golden Dawn",375-70-9884
American,616,Donovan,Mary,F,"4014 Bartlett Avenue",48067,MaryFDonovan@einrot.com,Fourgaver,248-556-0702,162,70.9,11/8/1971,"Jewel Mart",377-34-4318
American,617,Reardon,Susan,J,"4688 Pick Street",80216,SusanJReardon@dayrep.com,Affir1935,970-581-2325,153,88.4,3/3/1935,"Rogers Peet",652-07-9786
American,618,Lieberman,Paul,P,"4930 Center Street",97526,PaulPLieberman@armyspy.com,Wrien1936,541-956-4888,168,88.9,4/6/1936,"Eisner Food Stores",544-39-8209
American,619,Burnett,Michael,A,"793 Cameron Road",14227,MichaelABurnett@gustr.com,Youbtand,716-390-1867,171,104.5,2/9/1996,Mages,106-10-3280
American,620,Sokol,Tamara,R,"2886 University Street",98155,TamaraRSokol@gustr.com,Wathre,206-368-8431,153,102.0,10/18/1941,Nedick's,534-94-0904
American,621,Smith,Virginia,T,"4962 Columbia Mine Road",26101,VirginiaTSmith@dayrep.com,Aste1982,304-580-8845,166,68.2,6/15/1982,"Dee's Drive-In",232-82-6377
American,622,Cochran,George,B,"3188 Kelly Drive",24701,GeorgeBCochran@einrot.com,Onter1965,304-887-5440,181,115.7,11/21/1965,"Buena Vista Garden Maintenance",235-74-9282
American,623,Miramontes,Kenneth,B,"4436 Rafe Lane",39213,KennethBMiramontes@cuvox.de,Ploven75,662-750-2163,185,75.9,6/10/1975,"Simply Save",427-63-9860
American,624,Moses,Christian,M,"763 Harvest Lane",64106,ChristianMMoses@fleckens.hu,Bobstine,660-955-7270,170,74.0,1/31/1988,"Kash n' Karry",491-98-6737
American,625,Leclaire,Pamela,W,"4942 Paradise Lane",91766,PamelaWLeclaire@fleckens.hu,Youldeld72,909-764-0914,154,52.4,2/23/1972,"Unity Stationers",550-26-4788
American,626,Starkey,Angelina,M,"1205 Richards Avenue",95207,AngelinaMStarkey@cuvox.de,Makined,209-888-3390,174,92.9,5/6/1966,Packer,555-57-9390
American,627,Burns,Charlotte,T,"4387 Collins Avenue",43215,CharlotteTBurns@fleckens.hu,Rensell,614-820-2779,164,100.4,7/30/1948,Roberd's,271-86-6394
American,628,Hudgins,Minnie,J,"3713 Briarhill Lane",76801,MinnieJHudgins@superrito.com,Ficy1989,325-998-7556,154,53.9,11/6/1989,"Landskip Yard Care",631-84-9535
American,629,Orellana,Darlene,G,"4593 Marshall Street",21202,DarleneGOrellana@teleworm.us,Pladithe,410-709-7564,172,84.0,1/20/1999,"Sunflower Market",212-55-9598
American,630,Arreola,Felicitas,A,"1091 Duck Creek Road",94015,FelicitasAArreola@jourrapide.com,Unation,650-755-3700,170,99.7,6/28/1990,"Buehler Foods",609-46-5093
American,631,Nolan,Katherine,F,"4003 Del Dew Drive",21536,KatherineFNolan@dayrep.com,Asself,301-895-0257,171,51.9,3/13/1984,"Beasts of Beauty",213-29-2801
American,632,Fales,Pamela,C,"2488 Roosevelt Street",94108,PamelaCFales@teleworm.us,Pusting,415-394-1933,158,67.3,7/23/1968,"Sew-Fro Fabrics",616-53-5350
American,633,Murphy,Vernon,M,"4490 Diamond Cove",02903,VernonMMurphy@einrot.com,Haffee38,401-321-3546,166,98.0,8/31/1938,"Red Robin Stores",037-12-6188
American,634,Kranz,Kim,J,"4690 Duck Creek Road",94612,KimJKranz@cuvox.de,Unothouldits1979,650-887-9760,155,67.5,9/1/1979,"KG Menswear",562-18-8921
American,635,Jarvis,John,R,"4738 Highland Drive",54140,JohnRJarvis@rhyta.com,Wifted,920-687-2848,184,70.9,1/30/1939,"Listenin' Booth",389-46-7804
American,636,Williams,Priscilla,D,"4688 Stanton Hollow Road",02192,PriscillaDWilliams@cuvox.de,Tingul,781-495-0046,165,64.4,10/9/1997,"Waccamaw Pottery",030-30-9610
American,637,Prince,Edmund,L,"3805 Pinewood Avenue",49829,EdmundLPrince@rhyta.com,Usat1946,906-786-0024,180,96.7,9/13/1946,"Buck Alley Lumber",381-98-1818
American,638,Gomes,Willy,A,"2027 West Drive",60601,WillyAGomes@gustr.com,Hemplife,312-503-3407,166,70.8,12/20/1960,"Forest City",341-16-9890
American,639,Sheehan,Estelle,J,"658 Oakmound Road",60004,EstelleJSheehan@jourrapide.com,Therld,773-263-7945,151,90.2,3/29/1940,"Mansmann's Department Store",361-76-0869
American,640,Morgan,Michael,L,"1446 Joseph Street",53121,MichaelLMorgan@gustr.com,Pharcubletes,262-743-9561,177,81.3,6/13/1936,"Herman's World of Sporting Goods",392-25-0092
American,641,Scott,Daniel,D,"1112 Parkway Drive",85712,DanielDScott@superrito.com,Thaders,520-403-0626,180,91.1,4/19/1985,"Custom Lawn Care",600-82-2715
American,642,Oswald,Anna,K,"4315 Smithfield Avenue",79101,AnnaKOswald@jourrapide.com,Hadoessing,806-681-4463,167,91.8,10/8/1943,"John Plain",627-24-9140
American,643,Martinez,Pat,T,"3298 Davis Court",63101,PatTMartinez@superrito.com,Kintempen,618-972-4717,150,81.9,4/16/1935,"Sears Homelife",351-50-4534
American,644,Guerrero,Edward,S,"2536 Randolph Street",01610,EdwardSGuerrero@dayrep.com,Shomblue,508-665-4202,170,82.8,4/20/1933,"Record & Tape Outlet",015-28-0330
American,645,Bryant,Mark,P,"3391 Lady Bug Drive",81052,MarkPBryant@jourrapide.com,Homplasson,719-223-1284,173,82.2,7/24/1969,Multicerv,523-02-5737
American,646,Parrish,John,K,"4175 Jadewood Farms",07662,JohnKParrish@teleworm.us,Younarright,973-420-3800,171,111.9,6/19/1972,"Eisner Food Stores",155-96-8343
American,647,Roberts,Sara,D,"1645 Mahlon Street",07065,SaraDRoberts@gustr.com,Sooreaver1966,732-913-8680,169,96.4,11/29/1966,"Jay Jacobs",151-96-0637
American,648,Riojas,Frank,N,"432 Godfrey Street",97005,FrankNRiojas@armyspy.com,Witternew,503-643-0593,176,75.9,6/28/1949,"Childs Restaurants",542-55-1518
American,649,Hall,Jessica,A,"4748 Cecil Street",60605,JessicaAHall@teleworm.us,Bith1983,312-294-9846,169,53.5,2/18/1983,"WWW Realty",330-84-5298
American,650,Shows,Erin,R,"3129 Carolyns Circle",75225,ErinRShows@teleworm.us,Sheacheept,214-750-1941,162,96.1,12/6/1982,"National Hardgoods Distributors",466-84-7413
American,651,Smith,Omar,D,"1423 Rollins Road",68879,OmarDSmith@superrito.com,Rejast,308-942-8704,167,95.6,9/26/1951,"Formula Gray",508-96-6794
American,652,Roberts,Reggie,L,"4551 Clearview Drive",80030,ReggieLRoberts@gustr.com,Theress,303-746-2751,186,109.5,2/11/1980,"National Auto Parts",521-72-3256
American,653,Ruff,Kim,C,"2490 Veltri Drive",99603,KimCRuff@jourrapide.com,Hativaing,907-284-2617,157,66.2,6/13/1951,"Twin Food Stores",574-03-2935
American,654,Kerr,Robbie,R,"3867 Hood Avenue",92123,RobbieRKerr@einrot.com,Oustonly,858-646-2409,186,97.5,3/13/1988,"Micro Design",604-36-2020
American,655,Lafever,Craig,M,"228 Godfrey Street",97205,CraigMLafever@rhyta.com,Fluentsmay1963,503-607-4203,178,110.8,1/22/1963,"Gas Legion",540-22-5557
American,656,Jordan,Debra,J,"2312 Columbia Boulevard",21030,DebraJJordan@superrito.com,Waye1958,410-453-8607,170,80.4,10/14/1958,Erol's,212-48-0491
American,657,Mueller,Irving,R,"3164 Hewes Avenue",21076,IrvingRMueller@jourrapide.com,Hicke1962,443-668-0673,166,71.1,2/6/1962,Rickel,214-13-2412
American,658,Michaud,Camille,E,"4840 Elmwood Avenue",85251,CamilleEMichaud@teleworm.us,Cames1947,480-945-0774,155,53.3,8/11/1947,"Super Saver Foods",764-09-0394
American,659,Hubbard,Neva,C,"4836 Briarwood Drive",08102,NevaCHubbard@teleworm.us,Joyfuld,856-413-0234,153,62.4,2/21/1947,Sampson's,155-94-1955
American,660,Henderson,Andy,P,"2128 Alfred Drive",11201,AndyPHenderson@teleworm.us,Misfort,718-242-8993,175,108.2,2/16/1967,"Laura Ashley",089-12-5569
American,661,Riley,Rosalyn,C,"1961 Huntz Lane",01752,RosalynCRiley@rhyta.com,Notch1960,978-570-2546,164,78.5,7/11/1960,"Burger Chef",025-68-5647
American,662,Fredrick,Viola,G,"3841 Jail Drive",90024,ViolaGFredrick@einrot.com,Upout1975,310-206-4132,162,83.4,7/7/1975,"Sounds Great, Inc",564-26-1222
American,663,Boan,Stephen,B,"2229 Lynn Street",02114,StephenBBoan@superrito.com,Licaria1961,617-248-3951,172,109.0,5/3/1961,"Childs Restaurants",015-09-1848
American,664,Mitchell,Pauline,W,"1151 Hewes Avenue",21202,PaulineWMitchell@gustr.com,Theed1960,443-658-1056,158,58.9,7/24/1960,"Spaceage Stereo",213-39-6177
American,665,Carmichael,Ellen,C,"2335 Mahlon Street",07102,EllenCCarmichael@fleckens.hu,Notartinge,732-960-0361,155,87.3,11/19/1953,"Team Uno",139-14-2978
American,666,Williams,Francis,C,"1710 Heavner Avenue",30117,FrancisCWilliams@gustr.com,Fectle,770-838-7918,184,68.9,7/31/1942,"Nickerson Farms",671-26-6677
American,667,Mattice,Roy,J,"654 Bagwell Avenue",32601,RoyJMattice@rhyta.com,Chust1962,352-692-1023,174,71.2,4/21/1962,"Enrich Garden Services",594-71-3334
American,668,Flemings,Matthew,E,"2838 Melrose Street",98935,MatthewEFlemings@cuvox.de,Lopery,509-894-6734,185,72.8,7/8/1964,Opticomp,535-01-4383
American,669,Hood,Joan,J,"3286 Arlington Avenue",37909,JoanJHood@cuvox.de,Ciousbacher,865-964-5102,168,71.9,9/12/1992,"Omni Tech Solutions",761-01-3505
American,670,Tyler,Natalie,A,"4842 Scott Street",12601,NatalieATyler@rhyta.com,Alst1973,845-559-4390,174,65.0,7/24/1973,Ransohoffs,098-22-7617
American,671,White,Noble,H,"1173 Stark Hollow Road",81625,NobleHWhite@cuvox.de,Bons1987,970-826-6947,179,107.4,7/7/1987,Prestiga-Biz,653-36-4071
American,672,Lewis,Ryan,S,"4577 Lynch Street",53079,RyanSLewis@superrito.com,Gaveressake,920-999-6869,178,77.8,7/26/1948,"Frank's Nursery & Crafts",387-23-9274
American,673,Perry,Christopher,G,"3601 Fairfax Drive",07477,ChristopherGPerry@superrito.com,Allynay1999,908-906-4727,163,90.6,5/22/1999,"Great Western",147-34-7067
American,674,Adkins,Daniel,M,"4620 Oakdale Avenue",34974,DanielMAdkins@teleworm.us,Bectuld,863-447-3913,184,76.9,1/13/1954,"Pleasures and Pasttimes",595-89-0346
American,675,Valenzuela,Joseph,G,"2989 Grasselli Street",03053,JosephGValenzuela@einrot.com,Obbenchill,603-512-8841,172,115.8,7/23/1981,Hoyden,001-56-7642
American,676,Armstrong,Peggy,S,"767 Lena Lane",39201,PeggySArmstrong@fleckens.hu,Maddray,601-449-8101,161,101.6,1/24/1959,"System Star",428-37-3213
American,677,Toon,Gloria,R,"4800 Elk Street",92805,GloriaRToon@cuvox.de,Soutemoonter1966,949-616-5851,173,84.9,7/20/1966,"Saturday Matinee",571-56-8248
American,678,Cook,Paula,S,"3309 Hickory Ridge Drive",89109,PaulaSCook@dayrep.com,Whilto,702-675-7689,163,71.1,12/7/1959,Merrymaking,530-45-8056
American,679,Knott,Russell,I,"405 Felosa Drive",91752,RussellIKnott@superrito.com,Froing,323-997-5361,183,91.7,7/8/1961,"Food Fair",566-69-7625
American,680,Mendoza,Mary,A,"1506 Parker Drive",44128,MaryAMendoza@teleworm.us,Yousbae,216-590-1020,160,78.1,9/30/1962,"Kids Mart",274-16-1690
American,681,Wilkes,Jason,M,"3677 Gladwell Street",75204,JasonMWilkes@jourrapide.com,Ocre1960,903-225-9683,185,93.2,12/7/1960,"Scotty's Builders Supply",631-20-8257
American,682,Erickson,Karen,F,"955 Gorby Lane",39401,KarenFErickson@cuvox.de,Oncenininkin,601-266-1085,155,87.6,5/7/1964,"Super Shops",425-20-1043
American,683,Williams,Brenda,J,"3895 Tea Berry Lane",54701,BrendaJWilliams@armyspy.com,Hictle,715-813-7908,151,62.9,9/7/1937,"Crafts Canada",397-15-4965
American,684,Durand,Angela,C,"1256 Elsie Drive",57053,AngelaCDurand@teleworm.us,Culatiews,605-297-9917,155,61.8,7/31/1940,"Sew-Fro Fabrics",504-20-2833
American,685,Center,Nicole,C,"3927 Daffodil Lane",20170,NicoleCCenter@cuvox.de,Bunged,703-481-4597,154,83.7,4/28/1985,"On Cue",224-86-5474
American,686,Dickert,Corey,L,"3517 Davis Avenue",95562,CoreyLDickert@dayrep.com,Somint,707-764-9244,183,80.4,2/20/1986,"Matrix Interior Design",610-41-2028
American,687,Williams,Yvonne,G,"3245 Liberty Avenue",92805,YvonneGWilliams@gustr.com,Preclaid,714-518-4917,162,83.6,4/24/1948,"Ideal Garden Maintenance",613-96-3540
American,688,Harris,Shaun,M,"2761 Smith Road",30071,ShaunMHarris@cuvox.de,Buttenot,770-899-0552,168,69.3,8/20/1950,"The Original House of Pies",259-42-2628
American,689,Fries,Fannie,J,"1247 Scott Street",10018,FannieJFries@gustr.com,Sawas1987,845-525-9122,165,78.6,1/23/1987,"Jacob Reed and Sons",057-16-3274
American,690,McGhee,Patricia,T,"4177 Spring Avenue",19108,PatriciaTMcGhee@teleworm.us,Holecon,267-705-1652,165,81.6,1/8/1935,"id Boutiques",198-09-4652
American,691,Ayer,Walter,D,"2766 Nicholas Street",66608,WalterDAyer@rhyta.com,Hisdow1973,785-318-5012,189,113.5,10/15/1973,"Wealthy Ideas",514-30-2976
American,692,Cantara,Russell,M,"251 Still Pastures Drive",29150,RussellMCantara@rhyta.com,Councent1965,803-501-8822,170,116.0,12/6/1965,"Magna Solution",247-18-9859
American,693,Robertson,Maureen,J,"4582 Sycamore Fork Road",33131,MaureenJRobertson@rhyta.com,Fationeten1995,954-212-4196,163,49.5,6/22/1995,"The Lawn Guru",262-64-1337
American,694,Webb,Darrell,E,"668 Roy Alley",80202,DarrellEWebb@rhyta.com,Tretind,303-893-5922,184,91.6,8/23/1973,"Stop N Shop",652-12-0308
American,695,Hester,Rosemary,K,"1852 Peaceful Lane",44122,RosemaryKHester@jourrapide.com,Sterequish,216-488-0416,159,85.6,6/9/1948,"Morrie Mages",276-72-1427
American,696,Fullerton,Randall,D,"3072 Wexford Way",29210,RandallDFullerton@rhyta.com,Knotood,803-315-1845,173,85.1,5/3/1948,"Rhodes Furniture",248-19-2272
American,697,Johnson,Susan,J,"3439 Canis Heights Drive",90017,SusanJJohnson@gustr.com,Eirs1985,213-568-7037,168,61.1,3/9/1985,JumboSports,554-85-3716
American,698,Allison,Sara,D,"3858 Gladwell Street",38106,SaraDAllison@armyspy.com,Liner1961,901-947-3900,162,53.1,2/24/1961,"Universo Realtors",408-60-0585
American,699,Spellman,Richard,L,"3053 Heavens Way",90017,RichardLSpellman@teleworm.us,Nizips,949-205-4397,170,84.4,6/7/1978,"Blue Boar Cafeterias",604-15-3354
American,700,Marlin,Patricia,J,"440 Edwards Street",28580,PatriciaJMarlin@gustr.com,Whyall,252-653-2445,154,90.7,12/25/1996,"Budget Power",681-09-1576
American,701,Graham,Robert,A,"4249 Red Dog Road",28209,RobertAGraham@armyspy.com,Quen1986,704-354-8947,189,108.6,11/8/1986,"Blue Boar Cafeterias",241-02-0365
American,702,Christie,Ruby,R,"1914 Hog Camp Road",60464,RubyRChristie@superrito.com,Therymare,708-448-0252,158,92.0,12/27/1961,"Britling Cafeterias",358-90-8491
American,703,Martinsen,Janice,A,"574 Seth Street",76903,JaniceAMartinsen@einrot.com,Boady1976,325-600-2571,155,71.4,5/15/1976,"Sholl's Colonial Cafeteria",456-97-6360
American,704,Wasser,James,M,"1404 Green Acres Road",27834,JamesMWasser@gustr.com,Evering1937,252-414-4810,178,92.3,3/10/1937,TheBottomHalf,681-10-4210
American,705,Ansley,Peter,S,"4883 Boone Crockett Lane",98106,PeterSAnsley@jourrapide.com,Affeentogy,360-465-9354,182,97.5,1/3/1937,"Mansmann's Department Store",536-38-6808
American,706,Fusco,Monique,J,"3770 Steele Street",60606,MoniqueJFusco@armyspy.com,Dinge1968,630-689-7479,163,105.7,7/19/1968,"Food Fair",337-09-5558
American,707,Robertson,Sandra,J,"4234 Geraldine Lane",10033,SandraJRobertson@rhyta.com,Havor1968,646-317-9992,171,70.0,10/3/1968,Prestigabiz,132-52-4361
American,708,Brewster,Patrick,J,"3440 Lowndes Hill Park Road",90017,PatrickJBrewster@teleworm.us,Goodst,661-466-2724,184,102.4,6/21/1969,Stratapro,618-17-7989
American,709,Smith,Bobby,D,"1490 Ridenour Street",33179,BobbyDSmith@armyspy.com,Contold,786-256-5183,174,85.6,5/12/1998,"Magna Solution",770-05-9061
American,710,Lovell,Helen,V,"3894 Whaley Lane",53213,HelenVLovell@cuvox.de,Armare,262-555-4057,162,78.1,11/16/1990,"Geri's Hamburgers",392-09-4628
American,711,Mills,Cecilia,H,"3887 Fittro Street",71652,CeciliaHMills@cuvox.de,Brissithad,870-348-9982,171,69.5,1/24/1993,"Record Bar",676-10-0388
American,712,Labbe,Barbara,R,"724 Honeysuckle Lane",98520,BarbaraRLabbe@armyspy.com,Herithen,360-538-5435,168,84.3,10/18/1971,"Better Business Ideas and Services",532-04-8822
American,713,Burns,Brenda,W,"510 Carter Street",63101,BrendaWBurns@gustr.com,Sprilk,618-792-6252,167,72.4,6/30/1945,"Super Saver Foods",333-72-4495
American,714,Cuevas,Fiona,A,"418 Emerson Road",71334,FionaACuevas@dayrep.com,Culdrought,318-757-3264,165,96.2,5/3/1966,Awthentikz,435-97-2721
American,715,Hiatt,Francisco,D,"76 Fannie Street",01840,FranciscoDHiatt@jourrapide.com,Exacked,978-996-8064,170,67.7,9/20/1988,"County Market",012-48-4036
American,716,Ebeling,Michael,R,"1201 Redbud Drive",10013,MichaelREbeling@gustr.com,Wheaur,347-888-3205,172,95.4,10/7/1954,Chatham,071-38-9357
American,717,Houser,Christopher,M,"1092 Selah Way",05452,ChristopherMHouser@teleworm.us,Roince,802-683-1789,174,90.7,2/15/1975,"Pergament Home Centers",008-32-7607
American,718,Vasquez,Ashlee,K,"3326 Trails End Road",33147,AshleeKVasquez@rhyta.com,Onowen,954-369-8781,154,82.7,1/17/1956,Awthentikz,592-46-4964
American,719,Warren,Marjorie,S,"4638 Farland Avenue",78205,MarjorieSWarren@rhyta.com,Chader,830-541-6970,169,64.3,6/30/1996,"Price Club",466-28-1914
American,720,Butler,Lawrence,B,"1996 Mesa Drive",89030,LawrenceBButler@superrito.com,Astord,702-399-6120,166,71.3,6/30/1959,"Western Auto",680-24-7852
American,721,Schulz,Rhonda,J,"2501 Steele Street",60521,RhondaJSchulz@einrot.com,Bookel,630-734-8370,154,85.0,6/17/1944,"Leo's Stereo",318-46-2772
American,722,Forrest,Jeremy,S,"1913 Oxford Court",39159,JeremySForrest@dayrep.com,Dany1994,662-239-9942,169,77.9,1/10/1994,Grodins,587-64-4831
American,723,Roscoe,Adam,R,"1544 Yorkie Lane",30450,AdamRRoscoe@einrot.com,Satich,912-865-6497,160,69.5,4/27/1974,LaBelle's,260-56-9910
American,724,Summers,Michael,H,"4101 Loving Acres Road",76031,MichaelHSummers@armyspy.com,Wentown,817-202-3614,183,90.1,7/15/1997,"John M. Smyth's Homemakers",451-42-6904
American,725,Smith,David,K,"3073 Lucy Lane",47714,DavidKSmith@dayrep.com,Ongrat,812-477-2487,182,98.0,8/26/1943,"Lindsley's Lumber",312-60-7053
American,726,Bridgers,Frances,D,"1973 Victoria Court",03801,FrancesDBridgers@einrot.com,Thamen,207-451-1933,163,92.6,8/14/1940,"The White Rabbit",006-32-2956
American,727,Colwell,John,R,"2835 Cambridge Drive",85301,JohnRColwell@dayrep.com,Loicher,623-435-8172,182,113.8,8/27/1987,"Circus World",601-15-0342
American,728,Kurtz,Jimmie,C,"383 Post Farm Road",30030,JimmieCKurtz@einrot.com,Mindighisent,404-202-9432,185,76.1,9/7/1960,"Castle Realty",259-55-0876
American,729,Corley,John,A,"635 Liberty Avenue",92704,JohnACorley@dayrep.com,Andoncentich1969,714-513-1345,177,82.4,12/15/1969,Sportswest,551-95-0861
American,730,Smith,Linda,J,"4611 Neville Street",47715,LindaJSmith@gustr.com,Grentrold73,812-575-4314,169,104.9,2/26/1973,"Baltimore Markets",307-17-8674
American,731,Shehan,Evelyn,A,"4654 Buck Drive",05758,EvelynAShehan@teleworm.us,Owestrim,802-259-4782,155,100.4,11/22/1991,"Sofa Express",009-42-6974
American,732,Mosca,Mary,A,"4548 Bungalow Road",68437,MaryAMosca@rhyta.com,Tharter,402-883-7330,158,72.7,7/31/1975,"Super Shops",508-56-4345
American,733,Bowen,Timothy,J,"2888 Sycamore Lake Road",54952,TimothyJBowen@fleckens.hu,Alaingleuted61,920-420-7907,177,108.8,11/6/1961,"Standard Food",396-14-2860
American,734,Smith,Lisa,M,"4275 Hampton Meadows",01970,LisaMSmith@fleckens.hu,Topectepech,978-354-3704,172,63.2,12/14/1976,Chargepal,015-26-2018
American,735,Bennett,Perry,M,"1812 Grant View Drive",53005,PerryMBennett@gustr.com,Sufficany79,414-519-6353,168,98.9,9/15/1979,"Big D Supermarkets",387-16-4501
American,736,Mangels,Eric,S,"3003 Haven Lane",48933,EricSMangels@fleckens.hu,Majecold,517-667-3492,176,83.6,10/18/1984,Fedco,376-88-6824
American,737,Biddle,Dominic,A,"1470 Twin Willow Lane",27306,DominicABiddle@cuvox.de,Tanst1995,910-439-7492,177,56.9,4/15/1995,"Eli Moore Inc",243-18-4123
American,738,Guertin,Pearlie,E,"3195 Ashford Drive",22011,PearlieEGuertin@dayrep.com,Hickis,703-726-8259,155,65.4,7/2/1963,"American Appliance",224-59-0017
American,739,Griffith,Tameka,B,"1209 Farnum Road",10007,TamekaBGriffith@dayrep.com,Indown,212-298-0538,169,85.3,2/18/1933,"Courtesy Hardware Store",134-86-1757
American,740,Tracy,Brian,K,"1877 Philli Lane",74902,BrianKTracy@dayrep.com,Sarasked,918-436-6515,169,103.3,8/9/1970,"Waccamaw Pottery",444-78-6041
American,741,Gallagher,John,H,"918 Trainer Avenue",61274,JohnHGallagher@cuvox.de,Judianob,309-521-0683,175,90.3,10/23/1938,"Cougar Investment",331-36-1742
American,742,Waters,Ramona,K,"4626 James Avenue",67202,RamonaKWaters@jourrapide.com,Devents,316-264-7683,171,50.6,10/1/1995,"Erb Lumber",509-64-1037
American,743,Back,Gail,E,"4603 Andy Street",57701,GailEBack@cuvox.de,Hison1966,605-415-5487,161,51.6,12/11/1966,"Rossi Auto Parts",504-26-0212
American,744,Howard,Mercy,D,"3865 Public Works Drive",37403,MercyDHoward@fleckens.hu,Whavillat,423-322-3564,169,61.2,7/16/1990,"Smitty's Marketplace",415-48-9930
American,745,Kellogg,Danny,A,"1543 Bubby Drive",78704,DannyAKellogg@einrot.com,Dinge1966,512-444-7219,186,96.8,4/4/1966,Chargepal,630-34-6268
American,746,Flores,Melissa,R,"1510 Ryder Avenue",98208,MelissaRFlores@rhyta.com,Coust1951,425-337-1379,171,51.4,7/24/1951,Chatham,534-55-1091
American,747,McCarthy,Victoria,L,"1221 Wescam Court",02127,VictoriaLMcCarthy@armyspy.com,Wounmay,781-209-6370,173,57.0,10/27/1969,"J. Brannam",021-42-1241
American,748,Edwards,Tanya,B,"4556 Chandler Drive",65667,TanyaBEdwards@jourrapide.com,Sweeme1986,417-741-5640,171,101.6,9/24/1986,"Egghead Software",492-76-6509
American,749,Craver,Linda,B,"1602 Vesta Drive",60637,LindaBCraver@cuvox.de,Goidesseem,773-667-9072,167,83.8,12/17/1963,"Poore Simon's",361-18-8437
American,750,Chadwick,Kimberely,J,"997 Shingleton Road",49503,KimberelyJChadwick@jourrapide.com,Priew1936,269-352-0951,164,81.6,7/2/1936,MagnaSolution,378-36-5879
American,751,Pate,Edward,J,"644 Pine Tree Lane",20005,EdwardJPate@armyspy.com,Promarged,240-396-8197,182,85.4,7/30/1980,Corpbay,216-14-5165
American,752,McNamee,Thomas,J,"4435 Deer Ridge Drive",07801,ThomasJMcNamee@fleckens.hu,Hork1990,973-537-4354,185,72.2,5/15/1990,"Dick Fischers",139-70-6568
American,753,Casanova,Mary,T,"3525 Beechwood Drive",21202,MaryTCasanova@rhyta.com,Ricting,410-982-7402,154,54.0,2/26/1964,Naturohair,216-66-8781
American,754,Coon,Mark,E,"1824 Red Bud Lane",07608,MarkECoon@armyspy.com,Duses1979,862-207-9353,170,76.4,2/7/1979,"Jewel Mart",151-04-4187
American,755,Towler,Kenneth,S,"1281 Brookview Drive",95113,KennethSTowler@dayrep.com,Thaddrave,408-998-5019,175,75.3,7/15/1960,"Casual Corner",619-76-8664
American,756,Lopez,Regina,J,"3797 Bubby Drive",78756,ReginaJLopez@cuvox.de,Offind,512-371-3972,169,57.2,4/9/1993,"Harvest Foods",630-07-7249
American,757,Reed,Charles,S,"3079 Lowndes Hill Park Road",90017,CharlesSReed@fleckens.hu,Thandoing,661-464-7489,171,62.7,10/14/1955,"Asian Fusion",568-26-5630
American,758,Baker,Jo,D,"4393 Nutters Barn Lane",50309,JoDBaker@superrito.com,Voge1998,515-509-8433,165,57.8,5/19/1998,"Computer City",479-58-7635
American,759,Lehman,Gerri,D,"106 Elm Drive",10011,GerriDLehman@cuvox.de,Ciousbacher,646-486-7479,161,93.9,3/6/1958,"The High Heelers",110-54-4863
American,760,Green,Misty,M,"2476 Stoney Lonesome Road",17815,MistyMGreen@teleworm.us,Obarresidde,570-336-4671,170,66.1,4/1/1971,"Mission You",179-12-7515
American,761,Mathis,Miguel,M,"3240 Thorn Street",82070,MiguelMMathis@rhyta.com,Prisomany1993,307-528-1580,179,106.8,5/6/1993,"Funtown toys",520-70-4827
American,762,Douglass,Mario,L,"1326 Myra Street",02908,MarioLDouglass@jourrapide.com,Witte1992,401-496-1581,186,67.8,9/19/1992,"Network Air",037-16-4926
American,763,Henry,Jennifer,J,"2650 Jehovah Drive",22601,JenniferJHenry@teleworm.us,Marrin,540-514-4102,167,67.7,4/26/1943,"Quality Merchant Services",231-12-9317
American,764,Whiteman,Jeff,D,"2033 Pringle Drive",60605,JeffDWhiteman@einrot.com,Mussiout,312-401-0241,182,85.1,6/22/1977,"Happy Family",354-96-1489
American,765,Corbett,Mark,D,"1521 Walnut Avenue",07601,MarkDCorbett@gustr.com,Quithethand,201-498-4594,183,72.6,12/23/1971,"University Stereo",139-40-6385
American,766,Canter,David,M,"3938 Short Street",78626,DavidMCanter@jourrapide.com,Faillims,512-868-0268,162,87.2,2/5/1938,"Our Own Hardware",463-72-5082
American,767,Hazard,Phyllis,F,"2499 Tyler Avenue",33176,PhyllisFHazard@fleckens.hu,Turet1990,305-274-8458,169,92.1,7/7/1990,"Food Fair",267-99-9108
American,768,Bell,Ronnie,B,"3893 Monroe Street",77040,RonnieBBell@armyspy.com,Bervelp1989,713-460-3671,175,90.2,6/19/1989,"Omni Superstore",633-50-8713
American,769,Grove,Joy,R,"3993 Austin Avenue",31405,JoyRGrove@teleworm.us,Nothiphop,912-270-7397,157,98.0,7/13/1943,"Nan Duskin",675-22-2058
American,770,Hicks,Mariella,R,"2524 Willis Avenue",32077,MariellaRHicks@einrot.com,Theighavell,386-328-6608,159,95.3,10/4/1977,"White Hen Pantry",772-30-8689
American,771,Noe,Tierra,J,"2681 Sherwood Circle",70503,TierraJNoe@einrot.com,Herincladind,337-299-0040,155,67.5,8/18/1947,Adapt,439-50-3515
American,772,Wason,Marion,P,"4744 Pleasant Hill Road",90017,MarionPWason@gustr.com,Stiverrom,562-216-8640,170,48.8,7/16/1988,"Sam Goody",602-41-6048
American,773,Willis,Ruth,A,"1863 Trouser Leg Road",01376,RuthAWillis@superrito.com,Evess1961,413-863-3167,163,57.5,11/16/1961,"William Wanamaker & Sons",018-24-6003
American,774,Fowler,Patricia,W,"4766 Powder House Road",33487,PatriciaWFowler@rhyta.com,Stolven1982,561-636-6694,166,89.1,9/18/1982,"Total Network Development",589-83-8594
American,775,Sledge,Marguerita,J,"196 Chandler Hollow Road",15219,MargueritaJSledge@fleckens.hu,Phrou1994,412-394-2947,158,66.2,5/20/1994,"Rainbow Bay Crafts",165-32-2114
American,776,Dotson,Rosemary,M,"3911 Southern Street",10013,RosemaryMDotson@superrito.com,Riseld,516-673-1933,164,82.0,10/23/1987,"Gamma Gas",061-54-5668
American,777,Lancaster,Allen,M,"3164 Cedar Street",71601,AllenMLancaster@teleworm.us,Vered1986,870-814-8719,172,75.0,5/19/1986,"Matrix Architectural Service",678-09-6944
American,778,Nichols,Carmen,D,"1807 Camden Place",29082,CarmenDNichols@dayrep.com,Stifer58,843-866-9900,161,62.6,3/29/1958,"Maxiserve ",655-20-4245
American,779,Cain,Simone,K,"3719 Northwest Boulevard",07304,SimoneKCain@superrito.com,Shist1993,201-980-4070,169,79.6,2/5/1993,"P. Samuels Men's Clothiers",139-09-0452
American,780,Parker,Ronald,B,"1233 Meadow Drive",73102,RonaldBParker@gustr.com,Aving1967,405-894-1396,185,88.6,6/12/1967,"Matrix Interior Design",446-20-4092
American,781,Simpson,Jessie,S,"3879 Lawman Avenue",22172,JessieSSimpson@rhyta.com,Wifyin58,703-221-4463,155,83.5,8/17/1958,"Star Interior Design",227-47-7654
American,782,Flickinger,Edwin,M,"3740 Brown Avenue",29360,EdwinMFlickinger@fleckens.hu,Dithempeat,864-983-0943,181,92.4,4/25/1953,"Stop and Shop",250-86-9876
American,783,Sheets,Glenda,D,"70 Kimberly Way",49546,GlendaDSheets@fleckens.hu,Wiscon34,616-949-8584,169,74.7,11/9/1934,"Dreamscape Garden Care",382-42-0680
American,784,Smith,Rodolfo,I,"2332 Polk Street",85701,RodolfoISmith@einrot.com,Fand1966,520-884-4109,181,87.0,7/19/1966,"Country Club Markets",764-14-9627
American,785,Weiner,Jeanie,F,"4345 Todds Lane",78205,JeanieFWeiner@teleworm.us,Bued1944,210-568-5585,162,80.9,12/31/1944,"Lawn N' Order Garden Care",454-93-1821
American,786,Martin,Heidi,D,"3064 Callison Lane",19106,HeidiDMartin@cuvox.de,Mincen,302-491-7383,171,75.7,3/17/1991,"Mr. Good Buys",222-40-2759
American,787,Padilla,Margaret,M,"846 Dye Street",85225,MargaretMPadilla@teleworm.us,Mortfuld1948,480-715-4358,170,57.4,4/28/1948,"Ellman's Catalog Showrooms",601-39-1196
American,788,Casner,Jeffrey,A,"4914 Corbin Branch Road",37354,JeffreyACasner@armyspy.com,Ortherce,423-420-7552,176,72.7,3/25/1975,"Sunny's Surplus",761-01-3158
American,789,Streeter,Su,G,"3056 Leisure Lane",93117,SuGStreeter@superrito.com,Humothisent,805-618-9691,155,70.6,1/5/1986,"Albers Super Markets",615-15-4198
American,790,Freudenburg,Kendra,R,"1662 Fancher Drive",76102,KendraRFreudenburg@jourrapide.com,Alighway95,214-235-2244,160,83.7,2/24/1995,"Courtesy Hardware Store",449-18-8975
American,791,Knudson,Lyle,M,"4811 West Street",49503,LyleMKnudson@fleckens.hu,Gremess,616-752-4749,180,84.5,5/28/1998,"Magik Lamp",373-16-6628
American,792,Moore,Ann,A,"3072 Echo Lane",49503,AnnAMoore@superrito.com,Alawavell,269-768-8356,161,63.6,5/27/1998,Sampson's,378-13-9029
American,793,Aaron,Eleanor,H,"4783 Garfield Road",61455,EleanorHAaron@gustr.com,Gostain,309-598-6759,163,74.7,9/25/1946,"House Of Denmark",359-64-1334
American,794,Davis,Teresa,J,"3764 Cunningham Court",48226,TeresaJDavis@teleworm.us,Mour1995,248-712-0668,173,93.2,5/10/1995,"The White Rabbit",374-02-1046
American,795,Blanks,Louie,J,"516 Hillhaven Drive",90046,LouieJBlanks@jourrapide.com,Upoods,323-848-1772,176,69.2,1/26/1935,Judy's,554-65-7288
American,796,Toll,Diana,C,"998 Perine Street",22070,DianaCToll@rhyta.com,Eader1943,703-755-7653,156,95.9,12/1/1943,Adaptas,230-20-4709
American,797,Dempsey,Thelma,E,"2210 Lowes Alley",43201,ThelmaEDempsey@armyspy.com,Hake1950,740-268-6045,151,80.3,2/4/1950,"Sam Goody",290-12-5469
American,798,Dave,James,M,"3517 Beeghley Street",76701,JamesMDave@gustr.com,Memen1987,254-762-6110,176,62.7,6/18/1987,"The White Swan",455-52-1476
American,799,Cole,Ramon,M,"3518 Vineyard Drive",44115,RamonMCole@dayrep.com,Stes1997,440-377-9992,190,58.6,9/16/1997,"Strength Gurus",275-94-0392
American,800,Woods,Katherine,R,"4261 Adonais Way",30188,KatherineRWoods@armyspy.com,Guried,678-494-6456,158,82.3,1/20/1961,"Robert Hall",672-10-7853
American,801,Gonzalez,Daniel,H,"4803 Red Bud Lane",06182,DanielHGonzalez@superrito.com,Apprands,860-982-4465,171,112.9,10/10/1978,Galyan's,045-78-1815
American,802,Garrett,John,P,"4318 Green Avenue",94545,JohnPGarrett@jourrapide.com,Harrinat,510-784-7059,174,89.9,12/21/1972,"Nelson Brothers",560-91-9294
American,803,Kite,Stanley,M,"3136 Snowbird Lane",68762,StanleyMKite@einrot.com,Scollwas,402-692-0774,177,90.7,8/3/1987,"Edge Garden Services",506-33-0842
American,804,McGee,Annette,K,"2539 Harry Place",28263,AnnetteKMcGee@gustr.com,Soldided,704-773-8747,172,61.8,4/3/1990,"De Pinna",688-05-3752
American,805,Williams,Jason,K,"1891 Pringle Drive",60605,JasonKWilliams@superrito.com,Lighbothe,312-351-2496,171,94.9,5/6/1935,"MVP Sports",360-86-5862
American,806,Priestley,Kevin,D,"2716 Twin Willow Lane",28412,KevinDPriestley@cuvox.de,Tiousbactine,910-413-2207,178,77.2,4/23/1942,Strongbod,685-01-9730
American,807,Briscoe,Carrie,J,"1264 Andy Street",57469,CarrieJBriscoe@dayrep.com,Mect1935,605-460-2793,165,48.1,11/25/1935,Netobill,503-09-6920
American,808,Nestor,Peter,M,"617 Cross Street",48858,PeterMNestor@dayrep.com,Suptiele,989-968-1468,178,82.7,5/9/1979,"Smitty's Marketplace",365-68-1317
American,809,Navarro,Samantha,J,"1778 Maloy Court",66951,SamanthaJNavarro@armyspy.com,Proffelf,785-345-8943,166,52.8,12/28/1963,"Hugh M. Woods",511-84-8736
American,810,Calderon,Shelley,M,"2757 Pinchelone Street",23324,ShelleyMCalderon@teleworm.us,Youle1980,757-339-6874,169,88.1,2/26/1980,"Vitamax Health Food Center",226-22-2067
American,811,Simpson,Irma,J,"1848 Luke Lane",73102,IrmaJSimpson@armyspy.com,Shenclace1934,580-275-3336,168,90.7,8/24/1934,"W. Bell & Co.",447-07-3683
American,812,Phillips,Allison,R,"2239 Bombardier Way",48170,AllisonRPhillips@rhyta.com,Finand,734-961-5592,159,89.1,5/2/1934,"Poore Simon's",368-31-5311
American,813,Nunez,Christopher,R,"758 Hall Street",89101,ChristopherRNunez@gustr.com,Sely1953,702-480-5130,169,97.5,8/4/1953,"Nan Duskin",680-09-5588
American,814,Clinger,Harold,M,"3127 Mayo Street",40507,HaroldMClinger@jourrapide.com,Perve1972,859-685-1585,172,89.3,2/25/1972,"Boys Markets",407-64-3558
American,815,Stpierre,Brenda,P,"1717 John Avenue",48933,BrendaPStpierre@armyspy.com,Rundood,517-898-8985,162,84.2,1/12/1972,"Success Is Yours",384-46-8174
American,816,Adkins,Laura,J,"4156 Glen Street",42303,LauraJAdkins@armyspy.com,Thations75,270-359-2114,168,60.8,2/27/1975,Cavages,401-43-5955
American,817,Williams,Andrew,J,"644 Hedge Street",07102,AndrewJWilliams@dayrep.com,Exemys,908-728-4075,169,92.4,4/22/1966,"Avant Garde Appraisal",154-16-3320
American,818,Carter,John,E,"591 Bastin Drive",19714,JohnECarter@superrito.com,Chou1978,484-786-8552,167,91.3,11/20/1978,"Smitty's Marketplace",202-46-1561
American,819,Runyan,Danielle,M,"1141 Charles Street",48075,DanielleMRunyan@teleworm.us,Loody1998,734-503-4010,164,78.6,3/26/1998,Fretter,376-24-5077
American,820,Jenkins,Nick,J,"3442 Scott Street",12518,NickJJenkins@superrito.com,Witers,845-534-1126,177,95.0,9/13/1956,Sav-A-Center,058-78-0540
American,821,Duncan,John,M,"2687 August Lane",71209,JohnMDuncan@armyspy.com,Wasioure,318-468-1455,182,93.2,3/15/1938,"Super Shops",663-10-6387
American,822,Penland,Sara,A,"3358 Hawks Nest Lane",63101,SaraAPenland@gustr.com,Carnall,314-740-9796,152,90.5,3/30/1933,"Bell Markets",487-12-7960
American,823,Scott,Daniel,S,"2296 Kyle Street",69142,DanielSScott@fleckens.hu,Beink1996,308-533-4242,173,73.2,10/13/1996,"Grass Roots Yard Services",507-80-6031
American,824,Mitchell,Lisa,R,"4771 School House Road",39042,LisaRMitchell@gustr.com,Likedest1980,601-706-4589,156,83.4,4/5/1980,"Matrix Interior Design",426-98-6439
American,825,Kurtz,Monika,J,"238 Lamberts Branch Road",33172,MonikaJKurtz@einrot.com,Necomanis,786-544-5766,154,101.4,4/4/1983,"University Stereo",264-67-1434
American,826,May,Jaime,J,"3665 Harley Vincent Drive",44113,JaimeJMay@dayrep.com,Imente,440-626-1692,170,65.4,6/3/1952,"Vinyl Fever",283-56-4324
American,827,Wolfe,Krystal,D,"4581 Vineyard Drive",44128,KrystalDWolfe@fleckens.hu,Nood1986,440-443-7546,173,81.0,12/1/1986,"Gov Mart",271-56-7356
American,828,Griffin,Ronald,D,"2176 Sycamore Lake Road",54913,RonaldDGriffin@fleckens.hu,Thabould,920-479-9872,168,107.6,8/16/1949,"Levitz Furniture",393-04-1002
American,829,White,Vera,J,"1736 Ashton Lane",78741,VeraJWhite@dayrep.com,Anty1950,512-456-0381,170,93.1,12/6/1950,"Sure Save",466-25-8496
American,830,Charlebois,Anne,J,"4725 Young Road",83402,AnneJCharlebois@teleworm.us,Tiff1940,208-525-0623,161,54.2,8/11/1940,"Wealthy Ideas",519-40-6473
American,831,Chavis,Barbara,R,"1751 Woodhill Avenue",21784,BarbaraRChavis@fleckens.hu,Aniend,410-795-1763,175,54.6,8/9/1983,Silverwoods,214-07-4914
American,832,Uy,James,M,"281 Beeghley Street",76524,JamesMUy@cuvox.de,Yesquir1946,254-859-5771,173,65.6,2/15/1946,"Gov Mart",456-29-7099
American,833,Conley,Doris,W,"479 Oakmound Road",34950,DorisWConley@jourrapide.com,Corsoodualf,772-985-7824,170,67.4,5/25/1997,"Channel Home Centers",767-10-0947
American,834,Santistevan,James,T,"3570 August Lane",71055,JamesTSantistevan@armyspy.com,Mountrady56,318-371-8642,175,93.4,8/25/1956,"Camelot Music",664-07-2180
American,835,Sanchez,Emily,S,"3080 Murphy Court",92220,EmilySSanchez@rhyta.com,Anstely,951-922-1049,164,53.0,10/3/1947,Janeville,570-73-9634
American,836,Spivey,Angela,D,"1 Winifred Way",46016,AngelaDSpivey@cuvox.de,Imence,765-644-8066,175,69.0,2/27/1997,"Specialty Restaurant Group",315-07-3641
American,837,Rainey,Carol,G,"3534 Beechwood Drive",15212,CarolGRainey@einrot.com,Bruld1995,412-204-8280,161,49.6,9/23/1995,"Old America Stores",187-07-0473
American,838,Rodriguez,Rebecca,R,"4522 Pick Street",81650,RebeccaRRodriguez@superrito.com,Kitn1953,970-625-6011,168,65.3,2/19/1953,"Twin Electronics",650-34-8350
American,839,Taylor,Sharon,G,"4901 Lunetta Street",33602,SharonGTaylor@rhyta.com,Comereces,941-231-3411,171,56.1,12/7/1977,Weatherill's,262-64-9567
American,840,Cort,Helen,M,"1986 Mcwhorter Road",38967,HelenMCort@cuvox.de,Wimenceph,662-508-1374,162,73.2,9/5/1950,"Cut Above",426-98-2648
American,841,Coleman,Willie,P,"819 Franklin Avenue",32019,WilliePColeman@teleworm.us,Herfulity,386-202-4476,190,95.2,11/27/1992,Opti-Tek,265-62-9771
American,842,Sellers,Patricia,J,"2420 Grove Street",11944,PatriciaJSellers@einrot.com,Gess1996,631-749-9388,167,70.1,6/28/1996,"Sam Goody",053-16-3725
American,843,Larson,John,R,"2677 Everette Alley",33311,JohnRLarson@cuvox.de,Tileords,954-778-4873,180,100.6,6/28/1961,"The Original House of Pies",266-60-0412
American,844,Marlow,Rebecca,D,"2597 Custer Street",16945,RebeccaDMarlow@dayrep.com,Anxionce,814-848-9758,150,52.2,9/3/1942,"De Pinna",181-60-7022
American,845,Johnson,Silvia,M,"1233 Alpaca Way",92704,SilviaMJohnson@armyspy.com,Onsere,714-751-9071,157,66.1,3/6/1944,AdventureSports!,568-39-3321
American,846,Mains,Cletus,M,"4920 Bobcat Drive",48302,CletusMMains@cuvox.de,Thir1960,248-224-6272,166,86.5,2/24/1960,"Morrie Mages",363-40-7388
American,847,Player,Pamela,D,"3228 Flint Street",30303,PamelaDPlayer@superrito.com,Antence,678-282-1245,151,86.4,6/12/1999,"Circuit Design",258-07-7064
American,848,Grajeda,Billy,J,"514 Pearcy Avenue",47369,BillyJGrajeda@superrito.com,Hicagaver,260-731-0791,181,99.8,11/10/1940,Mages,309-84-9070
American,849,Hoffman,Charles,M,"4655 Sherwood Circle",27006,CharlesMHoffman@jourrapide.com,Beinerculd,336-998-9450,171,67.1,4/16/1943,"Magna Gases",241-14-4096
American,850,Zimmerman,Thomas,T,"221 Wood Duck Drive",49801,ThomasTZimmerman@einrot.com,Dersecting,906-397-2995,173,79.5,3/6/1982,"National Shirt Shop",377-66-1324
American,851,Barron,Marie,C,"1670 Rocky Road",19125,MarieCBarron@einrot.com,Shmeack,215-634-6301,154,56.6,7/12/1946,"Creative Wealth",184-70-2162
American,852,Lewis,Barbara,J,"637 Butternut Lane",62431,BarbaraJLewis@armyspy.com,Privent37,618-428-0975,156,92.6,6/6/1937,"Magik Grey",318-52-1218
American,853,Reber,Gary,M,"3213 John Calvin Drive",60607,GaryMReber@dayrep.com,Shoursted1981,708-938-4358,177,110.2,10/22/1981,Zantigo,339-64-9389
American,854,Underwood,Lois,J,"3110 Marshville Road",10965,LoisJUnderwood@gustr.com,Mity1965,845-652-9341,166,63.8,7/21/1965,"Asian Answers",081-12-8644
American,855,Attaway,Diane,D,"3940 Retreat Avenue",04427,DianeDAttaway@superrito.com,Liend1943,207-285-3598,158,90.0,4/1/1943,"Two Pesos",004-78-0604
American,856,Johnson,Tony,J,"999 Biddie Lane",23139,TonyJJohnson@cuvox.de,Keire1963,804-598-0239,181,78.8,7/17/1963,"Accord Investments",698-01-6513
American,857,Stewart,James,T,"4448 Edsel Road",91405,JamesTStewart@rhyta.com,Entaid,818-375-0538,180,112.5,6/12/1967,"Formula Gray",563-63-2349
American,858,Taylor,Deonna,C,"460 Parker Drive",44128,DeonnaCTaylor@dayrep.com,Whick1952,216-695-2682,165,96.4,1/9/1952,"Argus Tapes & Records",286-04-4131
American,859,Parker,Phyllis,S,"3151 Michigan Avenue",15340,PhyllisSParker@einrot.com,Swenoboy,724-701-8351,167,62.3,5/21/1993,"Hughes & Hatcher",186-56-2700
American,860,Delatorre,Bridget,B,"3126 Arrowood Drive",32207,BridgetBDelatorre@einrot.com,Oblen1946,904-547-9519,156,97.6,12/14/1946,"Big Wheel",265-51-6452
American,861,Trujillo,Carole,T,"1130 Chicago Avenue",93711,CaroleTTrujillo@rhyta.com,Romen1973,559-557-3292,161,75.3,12/9/1973,"Desmonds Formal Wear",553-08-4104
American,862,Marcotte,Eric,N,"4143 Broad Street",35222,EricNMarcotte@rhyta.com,Fortaged1985,205-529-8285,182,76.8,5/12/1985,"You Are Successful",419-36-9789
American,863,Hall,Dale,T,"4219 Henry Ford Avenue",74056,DaleTHall@jourrapide.com,Aftefuld,918-287-5657,182,67.3,8/24/1978,"Bloom Brothers Furniture",443-08-3883
American,864,Combs,Elwood,B,"1506 Leisure Lane",93117,ElwoodBCombs@teleworm.us,Whough1956,805-618-5314,168,109.6,9/5/1956,"Coffey's Market",548-60-6082
American,865,Bone,Barbara,J,"768 Retreat Avenue",35203,BarbaraJBone@superrito.com,Saterring98,205-328-2682,167,69.0,10/23/1998,"Al's Auto Parts",419-40-7185
American,866,Quinn,Greta,R,"303 Harley Brook Lane",16501,GretaRQuinn@gustr.com,Polday,814-675-0681,162,73.6,1/15/1993,"Rogers Food Stores",194-74-8291
American,867,Valverde,Sandra,W,"1442 Maple Lane",35903,SandraWValverde@gustr.com,Losarrou,256-492-5081,154,104.7,11/23/1959,"Little Folk Shops",419-90-1661
American,868,Porter,Arthur,J,"3840 Upland Avenue",44809,ArthurJPorter@jourrapide.com,Tharme,419-939-3848,175,74.3,8/2/1961,"Wholesale Club, Inc.",282-68-2004
American,869,Jones,Racheal,V,"955 Maxwell Farm Road",24019,RachealVJones@cuvox.de,Therchappog,540-250-9840,168,75.5,1/17/1999,Handyman,695-01-1925
American,870,Paulino,Debbie,J,"2364 University Drive",60610,DebbieJPaulino@fleckens.hu,Weettly,312-751-9897,157,75.5,8/27/1983,Kleinhans,339-09-2021
American,871,Jackson,Amy,M,"38 Little Acres Lane",61832,AmyMJackson@fleckens.hu,Sonfe1967,217-921-1407,171,92.8,9/4/1967,"Northern Reflections",337-42-1552
American,872,Finney,Matthew,I,"4450 Science Center Drive",83321,MatthewIFinney@cuvox.de,Owestrim,208-537-8036,177,68.9,6/8/1936,"Action Auto",519-23-1739
American,873,Williams,Aubrey,B,"992 Pallet Street",10994,AubreyBWilliams@superrito.com,Witteplaidep,914-391-9351,175,110.8,4/11/1955,"Paul's Food Mart",061-48-3755
American,874,Neff,Katherine,A,"2084 Buffalo Creek Road",37201,KatherineANeff@einrot.com,Larneyes,615-850-2618,172,76.6,9/15/1956,"Afforda Merchant Services",763-01-7427
American,875,Gustin,Eddie,S,"4404 Washington Street",78476,EddieSGustin@cuvox.de,Glifer,361-302-7265,172,106.2,12/19/1971,Monsource,637-16-3286
American,876,O'Donnell,Lavern,J,"2426 Roosevelt Wilson Lane",92359,LavernJODonnell@rhyta.com,Aned1958,909-794-2338,154,62.1,6/25/1958,"Mr Fables",560-64-8394
American,877,McCullar,Carole,M,"473 Dawson Drive",72211,CaroleMMcCullar@superrito.com,Mdlisives,501-959-3587,158,92.0,2/18/1938,"Grey Fade",676-10-9657
American,878,Hicks,Ronald,T,"1373 Locust Street",31764,RonaldTHicks@rhyta.com,Rappers92,229-874-8004,180,96.6,3/22/1992,"Crazy Tiger",252-63-1046
American,879,Thomas,Ruben,C,"869 East Avenue",85253,RubenCThomas@fleckens.hu,Whimsood,480-365-5648,177,105.2,9/22/1948,"Best Products",527-47-7955
American,880,Grace,Anna,P,"3639 White River Way",84106,AnnaPGrace@einrot.com,Lefoute,801-481-6036,158,61.6,11/11/1935,"Red Owl",646-64-7314
American,881,Moss,Francis,A,"2137 Nuzum Court",14225,FrancisAMoss@rhyta.com,Sabst1934,716-608-8269,174,70.9,11/12/1934,"White Hen Pantry",061-22-8301
American,882,Garcia,Linda,B,"3200 Bicetown Road",11206,LindaBGarcia@rhyta.com,Weread,917-404-7676,153,91.5,4/1/1965,"Deco Refreshments, Inc.",052-24-3644
American,883,Canchola,Deborah,J,"2615 Peck Street",03261,DeborahJCanchola@jourrapide.com,Thiscrinit,603-942-5136,164,104.8,1/18/1976,Evans,001-26-9303
American,884,Campbell,Denny,G,"1701 Long Street",32653,DennyGCampbell@superrito.com,Tover1988,352-222-7799,174,55.8,8/10/1988,"Sew-Fro Fabrics",263-17-5664
American,885,Whitehead,Robert,S,"1412 Desert Broom Court",08854,RobertSWhitehead@dayrep.com,Parist,201-673-1336,178,107.0,12/30/1995,"Unity Stationers",157-03-8476
American,886,Booth,Kimberly,W,"1636 Stratford Court",27530,KimberlyWBooth@armyspy.com,Venting,919-751-9465,172,102.0,6/13/1985,"Planet Profit",687-03-1871
American,887,Foster,Christopher,L,"202 Confederate Drive",13084,ChristopherLFoster@gustr.com,Griefa,315-677-7950,172,83.2,8/11/1957,"Circuit City",058-01-4561
American,888,Degeorge,Melissa,J,"1859 Barfield Lane",46278,MelissaJDegeorge@teleworm.us,Aned1943,317-513-4503,171,73.0,6/3/1943,"Solution Answers",304-06-9648
American,889,Elliott,John,K,"3894 Veltri Drive",99669,JohnKElliott@fleckens.hu,Thatirly,907-252-7402,180,96.6,11/19/1967,Sandy's,574-66-3904
American,890,Burton,Janet,B,"2495 Coolidge Street",59003,JanetBBurton@cuvox.de,Ruess1992,406-983-7707,169,89.8,2/3/1992,"Checker Auto Parts",517-11-1837
American,891,Campos,David,M,"2816 Aspen Court",02110,DavidMCampos@rhyta.com,Hinagesphe,617-336-0284,178,97.8,8/21/1951,"Dream Home Real Estate Service",020-62-8505
American,892,Wagner,Judy,J,"2063 Lakewood Drive",07070,JudyJWagner@dayrep.com,Sactim,201-872-2458,171,89.7,7/16/1981,"Sky High Financial Advice",136-36-0893
American,893,Diggs,Kendra,T,"3763 Hart Ridge Road",48706,KendraTDiggs@dayrep.com,Oress1995,989-305-5118,165,68.1,11/20/1995,"Jacob Reed and Sons",364-28-2058
American,894,Barth,Evelyn,C,"4997 Duncan Avenue",11590,EvelynCBarth@teleworm.us,Tichich,917-568-8784,170,94.7,2/6/1981,"J. Brannam",065-94-3090
American,895,Collier,Brittney,W,"4680 Front Street",48075,BrittneyWCollier@fleckens.hu,Opith1981,810-375-0832,159,62.7,2/18/1981,"Avant Garde Interior Designs",363-04-6713
American,896,Logue,Sharon,R,"1394 Chandler Drive",65655,SharonRLogue@dayrep.com,Whorned,417-679-1771,152,72.2,5/21/1941,"Multi Tech Development",500-88-4890
American,897,Warrior,Joe,M,"1984 Wakefield Street",19406,JoeMWarrior@fleckens.hu,Ungle1986,215-399-7313,189,111.7,4/26/1986,JasmineSola,211-30-8176
American,898,Dacus,Sarita,P,"5 Grim Avenue",92101,SaritaPDacus@jourrapide.com,Allond,619-652-0702,157,80.1,1/8/1942,Elek-Tek,610-76-4676
American,899,Basquez,Anne,S,"4335 Smithfield Avenue",79101,AnneSBasquez@rhyta.com,Frohn1990,806-734-0024,169,84.6,4/23/1990,"Allied City Stores",637-76-2026
American,900,Nagel,Mark,L,"4077 Raccoon Run",98101,MarkLNagel@cuvox.de,Trablinever,206-805-6614,165,90.8,4/16/1939,"Cellophane Square",533-03-5925
American,901,Mehta,Virginia,D,"864 Holden Street",92101,VirginiaDMehta@armyspy.com,Bleart,619-230-0302,163,51.1,3/11/1944,"Value Giant",572-69-7169
American,902,Eagle,Patrick,H,"1011 Peck Court",90017,PatrickHEagle@armyspy.com,Laysence,949-512-0333,175,94.8,3/31/1955,"Mr. AG's",548-82-2286
American,903,Fernandez,Johnna,J,"4240 Pineview Drive",55987,JohnnaJFernandez@einrot.com,Resichey,507-858-3351,164,51.1,11/18/1966,"Century House",469-70-1871
American,904,Pepper,Barbara,J,"1818 Arthur Avenue",61101,BarbaraJPepper@jourrapide.com,Prehopecon,815-847-4839,158,60.8,2/28/1968,Netaid,349-88-6123
American,905,Syed,Ruby,J,"2066 Traders Alley",64106,RubyJSyed@fleckens.hu,Sposing58,816-391-3594,166,74.4,7/12/1958,"Pioneer Chicken",493-34-0573
American,906,Randall,Effie,D,"1443 Duke Lane",07477,EffieDRandall@rhyta.com,Kinty1980,732-766-3959,155,66.9,5/2/1980,"Pro Star",154-56-8709
American,907,Nelson,Alfreda,R,"1221 Cedarstone Drive",43521,AlfredaRNelson@superrito.com,Hust1977,419-452-2161,166,95.3,1/18/1977,"Foreman & Clark",271-20-5750
American,908,James,Jason,E,"2020 Mudlick Road",98908,JasonEJames@einrot.com,Gant1958,509-560-2608,166,66.7,1/5/1958,"Childs Restaurants",536-50-7519
American,909,Green,Willie,B,"4749 Wyatt Street",33478,WillieBGreen@jourrapide.com,Buffecaper1956,561-400-0519,178,106.8,9/2/1956,"Expo Superstore",767-50-9135
American,910,Dillard,Sandy,J,"1642 Jewell Road",55402,SandyJDillard@jourrapide.com,Hunce1959,612-696-2800,166,56.8,9/21/1959,Flexus,477-52-1779
American,911,Veach,Casey,M,"2547 Parkway Drive",85704,CaseyMVeach@jourrapide.com,Hateep,520-489-7330,174,92.3,4/7/1973,"Allied Radio",600-28-3053
American,912,Robitaille,Cyrus,M,"4933 Bluff Street",21502,CyrusMRobitaille@rhyta.com,Redet1960,301-722-0152,178,111.0,7/29/1960,"Mansmann's Department Store",216-14-7171
American,913,Daniels,Barry,B,"146 Hanover Street",10016,BarryBDaniels@cuvox.de,Vioner,917-663-8877,183,95.2,6/24/1962,Schweggmanns,074-72-2230
American,914,Scott,Otelia,K,"1711 Mcwhorter Road",38632,OteliaKScott@jourrapide.com,Inecting,662-469-6497,161,65.5,9/15/1949,Wag's,428-92-6040
American,915,Sabo,David,R,"534 Martha Street",85320,DavidRSabo@teleworm.us,Grame1948,928-685-9110,174,107.9,9/4/1948,"Fit Tonic",526-14-3085
American,916,Baldwin,Patricia,A,"4989 Vesta Drive",60148,PatriciaABaldwin@armyspy.com,Anky1936,773-699-1434,163,87.1,6/5/1936,"Cellophane Square",335-84-6878
American,917,Moreno,Diane,R,"3199 Werninger Street",77036,DianeRMoreno@teleworm.us,Dremetweithe,832-645-2632,158,68.3,1/27/1979,Monsource,449-45-2194
American,918,English,Garry,G,"3964 Freedom Lane",95204,GarryGEnglish@fleckens.hu,Feby1973,209-322-6796,180,87.9,7/19/1973,Burstein-Applebee,612-07-6092
American,919,Garza,Florence,J,"48 Stratford Park",47453,FlorenceJGarza@armyspy.com,Hicis1967,812-863-2887,157,68.2,3/4/1967,"Polk Brothers",314-02-2286
American,920,Brooks,Terrie,R,"1323 Nash Street",60607,TerrieRBrooks@superrito.com,Whouttarmer,312-980-6065,174,51.7,7/3/1982,"Micro Design",322-10-1830
American,921,Donnelly,Chad,A,"2928 Heather Sees Way",74105,ChadADonnelly@dayrep.com,Cittly,918-747-5827,175,62.3,8/6/1992,"The Original House of Pies",442-12-4713
American,922,Lundy,Ernestine,D,"1416 Hill Croft Farm Road",95826,ErnestineDLundy@jourrapide.com,Mathe1994,530-558-8385,165,94.3,1/27/1994,"Payless Cashways",562-66-7973
American,923,Meyer,Maria,G,"3162 Cabell Avenue",22205,MariaGMeyer@superrito.com,Herainestold1985,703-532-8791,162,56.3,5/26/1985,"Chess King",230-07-3897
American,924,Terry,Jeffrey,K,"1737 Haven Lane",48933,JeffreyKTerry@jourrapide.com,Losin1958,517-658-8050,176,94.8,12/7/1958,JumboSports,368-74-9044
American,925,Chinn,Winston,M,"1341 Linden Avenue",32805,WinstonMChinn@armyspy.com,Theap1944,407-620-3647,181,71.5,9/23/1944,"Maloley's Finer Foods",768-10-6900
American,926,Wallace,Maria,M,"3049 Austin Avenue",31401,MariaMWallace@rhyta.com,Foret1975,912-275-6054,156,70.5,12/21/1975,"AJ Bayless",253-52-1416
American,927,Leon,Louise,E,"878 Wexford Way",29063,LouiseELeon@einrot.com,Maxed1986,803-261-9382,154,73.9,12/19/1986,"Star Interior Design",248-68-4572
American,928,Schultz,Marsha,D,"1411 George Avenue",36602,MarshaDSchultz@armyspy.com,Andess,251-435-6005,157,88.3,5/24/1973,"Avant Garde Appraisal",423-19-7056
American,929,Edwards,Sarah,C,"1496 Barfield Lane",46278,SarahCEdwards@fleckens.hu,Foree1978,317-514-8835,166,103.7,1/9/1978,"Waccamaw's Homeplace",317-40-4549
American,930,Davis,Jeffrey,J,"3853 Indiana Avenue",96813,JeffreyJDavis@gustr.com,Dremetweithe,808-660-7878,175,68.3,3/20/1968,Peaches,575-57-7777
American,931,Burgess,Elizabeth,M,"3337 Coal Road",18708,ElizabethMBurgess@teleworm.us,Muce1963,570-696-3185,166,77.2,9/27/1963,Naturohair,193-52-3585
American,932,Monier,Rafael,S,"4722 Dogwood Lane",85239,RafaelSMonier@fleckens.hu,Purnegy,520-568-7358,183,98.0,1/5/1966,"Standard Brands Paint Company",600-46-2193
American,933,Smith,Tamika,E,"2767 Grand Avenue",32810,TamikaESmith@jourrapide.com,Comening,407-754-2824,162,99.5,9/18/1988,"Knox Lumber",267-74-8785
American,934,Johnson,Carlo,J,"4599 Ritter Street",35768,CarloJJohnson@jourrapide.com,Thappere,256-244-5790,178,89.4,6/7/1933,"Rhodes Furniture",423-66-2932
American,935,Camacho,Brian,T,"1889 Jail Drive",61842,BrianTCamacho@jourrapide.com,Mucturbacep,309-928-4606,188,73.5,1/29/1977,Monmax,356-44-0849
American,936,Jone,Aaron,R,"3111 Dennison Street",95354,AaronRJone@jourrapide.com,Chor1983,209-527-4148,169,112.2,8/14/1983,"Oranges Records & Tapes",551-57-7686
American,937,Bauer,Wallace,F,"3991 Carolina Avenue",78501,WallaceFBauer@einrot.com,Stes1986,956-928-1473,182,99.8,2/15/1986,"Father & Son",460-95-3051
American,938,Brown,Florence,J,"3344 Yorkshire Circle",28557,FlorenceJBrown@armyspy.com,Looke1982,252-247-8705,175,62.8,8/1/1982,"Foot Quarters",238-91-6727
American,939,Nunley,Marie,C,"426 Cherry Tree Drive",32205,MarieCNunley@rhyta.com,Wherruccops1935,904-388-2532,164,65.3,9/15/1935,"Rack N Sack",770-30-6500
American,940,Parry,Herbert,D,"4934 Candlelight Drive",77520,HerbertDParry@einrot.com,Spive1962,281-422-8353,180,101.7,10/21/1962,"County Seat",633-36-6454
American,941,Cook,Richard,E,"4967 Tipple Road",18067,RichardECook@gustr.com,Suposere,215-756-8966,186,81.7,4/29/1969,"One-Up Realtors",174-78-8870
American,942,Colvard,Emilia,C,"1225 Timber Ridge Road",95817,EmiliaCColvard@dayrep.com,Comeakin1977,916-733-1674,165,98.1,7/21/1977,"Record World",570-42-4934
American,943,Charles,Ruby,J,"386 Stoney Lonesome Road",17701,RubyJCharles@teleworm.us,Squitive,570-326-0819,168,69.1,6/12/1976,"Sholl's Colonial Cafeteria",161-64-4118
American,944,Wells,David,C,"3823 Chatham Way",21740,DavidCWells@rhyta.com,Equill,240-520-6527,180,79.1,10/27/1951,"The Warner Brothers Store",217-80-0112
American,945,Cline,Cheryl,J,"4997 Steele Street",60515,CherylJCline@armyspy.com,Braps1959,630-663-8160,168,82.5,2/15/1959,"J. K. Gill Company",328-02-7163
American,946,Oconnell,Katherine,P,"659 Elliott Street",03101,KatherinePOconnell@cuvox.de,Thertat,603-644-8457,162,86.7,8/18/1944,Dahlkemper's,002-10-5519
American,947,Silva,Shaun,R,"588 Glenwood Avenue",44131,ShaunRSilva@rhyta.com,Dand1981,216-328-5849,189,92.5,1/16/1981,"Dun Rite Lawn Care",288-48-9319
American,948,Adams,Sonya,J,"2059 Sheila Lane",89503,SonyaJAdams@cuvox.de,Ustry1990,775-376-3546,174,49.2,4/11/1990,"Hills Supermarkets",680-32-2899
American,949,Conway,Mark,Z,"375 Hillview Drive",30546,MarkZConway@fleckens.hu,Alippon,706-889-0351,185,89.9,10/14/1972,"National Auto Parts",669-14-3363
American,950,Keller,Jack,Y,"4887 Burning Memory Lane",19135,JackYKeller@superrito.com,Suese1961,215-333-9435,167,83.3,11/9/1961,Marianne,168-68-7038
American,951,Newby,Louie,F,"2896 White Lane",31210,LouieFNewby@dayrep.com,Antene,478-919-1219,164,100.4,1/28/1939,Anthony's,675-03-0772
American,952,Robinson,Julio,S,"418 Nuzum Court",14068,JulioSRobinson@rhyta.com,Threatin,716-578-6831,185,109.8,12/5/1985,Furrow's,121-34-1671
American,953,Wright,Katherine,G,"790 Hill Croft Farm Road",95814,KatherineGWright@superrito.com,Thisce,530-522-8856,159,74.1,7/27/1943,"Rainbow Bay Crafts",573-86-0764
American,954,Yamasaki,Louie,J,"2889 Village View Drive",20191,LouieJYamasaki@superrito.com,Evich1979,240-201-7445,162,68.3,9/2/1979,"Parade of Shoes",214-33-4593
American,955,Funk,James,K,"3325 My Drive",11357,JamesKFunk@superrito.com,Thusecomang35,347-374-7278,182,83.8,8/8/1935,"Idea Infinity",086-50-4059
American,956,Hinson,Lester,J,"3165 Lost Creek Road",19363,LesterJHinson@dayrep.com,Wriedge97,610-932-7403,174,61.4,11/23/1997,"Personal & Corporate Design",186-48-2769
American,957,Rivero,Alma,J,"1420 Jerry Dove Drive",29501,AlmaJRivero@jourrapide.com,Theiren,843-468-7984,169,54.1,11/2/1953,"Helping Hand",250-96-5595
American,958,Henley,Josefina,E,"1003 Lynn Street",02138,JosefinaEHenley@fleckens.hu,Situall,617-221-2254,159,102.0,1/16/1958,Newhair,020-16-4675
American,959,Lange,Wanda,E,"3903 Pine Street",15736,WandaELange@superrito.com,Youncle,724-354-4445,162,71.7,1/15/1983,"Sound Advice",159-74-9649
American,960,Armstrong,John,A,"3533 Moonlight Drive",08102,JohnAArmstrong@rhyta.com,Wints1983,609-634-9140,184,90.3,10/26/1983,"Present Company",143-90-5390
American,961,Cunningham,Kayla,E,"907 Geraldine Lane",10001,KaylaECunningham@teleworm.us,Mainquesed,646-351-0467,160,87.2,1/3/1935,Keeney's,054-32-4794
American,962,Medina,Darlene,C,"4700 Front Street",48185,DarleneCMedina@jourrapide.com,Wharyince,810-343-2704,159,73.6,4/12/1998,Titania,375-84-3374
American,963,Caceres,Mark,A,"4223 Jarvisville Road",48933,MarkACaceres@gustr.com,Wortally1939,517-218-6496,163,97.7,2/8/1939,"Helping Hand",375-38-4186
American,964,Heitman,Kristy,D,"2617 Sarah Drive",70663,KristyDHeitman@jourrapide.com,Itch1959,337-533-7624,163,96.4,5/31/1959,"Wealth Zone Group",437-20-3717
American,965,Brennan,Joel,P,"1833 Emma Street",79320,JoelPBrennan@cuvox.de,Winesse,806-933-1696,173,86.1,5/27/1974,"Rogers Peet",632-50-5693
American,966,Robinson,Michael,J,"2670 Hemlock Lane",78572,MichaelJRobinson@teleworm.us,Crues1957,956-424-2230,181,92.3,11/21/1957,"Rainbow Life",631-56-6114
American,967,Gosser,Arnold,E,"197 Warner Street",33179,ArnoldEGosser@einrot.com,Laralson,305-964-7440,169,99.3,5/14/1964,"Solution Bridge",267-86-9088
American,968,Cromwell,Violet,M,"2585 Village View Drive",33901,VioletMCromwell@armyspy.com,Agence1976,239-910-0654,161,105.9,5/2/1976,"Parade of Shoes",770-36-0877
American,969,Wold,Walter,M,"4133 Burwell Heights Road",77701,WalterMWold@teleworm.us,Beeirekee,409-455-6468,189,83.6,2/19/1982,"Tower Records",643-18-6562
American,970,Hubbard,Cortney,R,"4073 Cambridge Court",72764,CortneyRHubbard@cuvox.de,Amis1944,479-751-8197,156,56.7,9/30/1944,"Erb Lumber",679-09-9093
American,971,Fowler,Linda,R,"569 My Drive",10019,LindaRFowler@dayrep.com,Placque1949,347-418-1181,162,81.3,12/19/1949,"Federated Group",061-24-1129
American,972,Morse,Gregory,M,"1351 Valley View Drive",02154,GregoryMMorse@fleckens.hu,Wassn1949,617-755-4856,170,68.1,7/11/1949,"White Coffee Pot",020-46-6308
American,973,Pearl,Stanley,M,"279 Clinton Street",72201,StanleyMPearl@fleckens.hu,Hiscitifted,501-242-7558,187,70.3,6/30/1985,"Mr. Clark's Appliances",430-59-3170
American,974,Sharpe,Iva,D,"1786 Candlelight Drive",77520,IvaDSharpe@jourrapide.com,Herach,281-427-6606,167,73.9,12/25/1964,"Music Den",451-23-2372
American,975,Ryerson,Daniel,A,"3702 Rhode Island Avenue",20705,DanielARyerson@gustr.com,Sple1982,202-423-8480,189,94.8,7/2/1982,"The Network Chef",579-34-1924
American,976,Vanderpool,Amy,E,"1677 Essex Court",05301,AmyEVanderpool@armyspy.com,Aunte1974,802-301-2208,166,71.6,10/24/1974,"Webcom Business Services",009-48-9332
American,977,Brown,Charles,A,"4320 Crowfield Road",85034,CharlesABrown@dayrep.com,Prizing,602-989-2551,168,106.0,1/5/1980,"Eisner Food Stores",764-58-8281
American,978,Stiff,Harry,L,"2130 Simpson Avenue",17003,HarryLStiff@superrito.com,Hipt1991,717-867-7500,172,67.4,3/10/1991,Monmax,210-56-4539
American,979,Rodriguez,Fred,S,"2934 Nicholas Street",66608,FredSRodriguez@superrito.com,Inglind1950,785-297-3431,167,62.4,12/12/1950,Burstein-Applebee,513-40-8526
American,980,Standifer,Patricia,V,"3081 Oakridge Farm Lane",53212,PatriciaVStandifer@dayrep.com,Howits,262-364-7639,155,85.3,11/19/1956,Terra,391-88-0665
American,981,Cashman,Gregory,R,"2781 Tennessee Avenue",48235,GregoryRCashman@gustr.com,Ingaing,248-257-6281,167,88.3,10/12/1981,"Scotty's Builders Supply",377-48-3176
American,982,West,Steven,C,"1388 Tanglewood Road",38663,StevenCWest@rhyta.com,Someacce,662-993-7455,166,94.0,8/14/1952,"STM Auto Parts",427-85-9373
American,983,Pacheco,Charles,R,"306 Tree Top Lane",19428,CharlesRPacheco@gustr.com,Thaver,610-238-9331,188,93.0,5/31/1977,"Young @ Heart",179-70-1158
American,984,Bruce,Anthony,E,"1089 Martha Street",86301,AnthonyEBruce@fleckens.hu,Tablingotion,928-642-8956,177,65.9,5/28/1938,"Hollywood Video",764-03-7223
American,985,Sorensen,Marie,W,"590 Stutler Lane",15715,MarieWSorensen@einrot.com,Encely,814-427-7413,159,101.3,6/21/1940,Sportmart,186-01-6935
American,986,Lovell,Barbara,Z,"1965 Seltice Way",83814,BarbaraZLovell@cuvox.de,Upposties,208-771-9532,174,101.8,7/7/1984,"Pender's Food Stores",519-03-4526
American,987,Sheets,Jeremy,M,"1830 West Fork Drive",33064,JeremyMSheets@rhyta.com,Olve1950,954-445-2130,166,75.9,2/6/1950,HouseWorks!,266-28-3871
American,988,Prewitt,John,M,"4012 Evergreen Lane",90017,JohnMPrewitt@teleworm.us,Guespery,323-642-3984,182,87.6,1/8/1953,"Brooks Fashions",565-36-1594
American,989,Garth,John,I,"2775 Collins Avenue",43201,JohnIGarth@jourrapide.com,Rustred72,614-808-2477,181,90.8,1/7/1972,"Ideal Garden Maintenance",275-82-5447
American,990,Wilson,Linda,B,"17 Carson Street",40507,LindaBWilson@fleckens.hu,Roques,859-201-0751,162,75.8,4/3/1951,Raleigh's,407-50-9614
American,991,Loftis,Robert,C,"3396 Trails End Road",33317,RobertCLoftis@superrito.com,Heace1977,954-327-2579,189,104.7,1/5/1977,Schweggmanns,593-39-4763
American,992,White,Gordon,P,"570 Pinewood Avenue",49855,GordonPWhite@superrito.com,Untrater60,906-710-3862,167,89.0,5/17/1960,"Reliable Investments",381-70-1262
American,993,Fuller,Leticia,M,"3944 Maple Lane",35016,LeticiaMFuller@cuvox.de,Therwer,256-471-8863,165,58.8,4/11/1961,"Sounds of Soul Records & Tapes",423-86-9358
American,994,Balk,Meagan,C,"4559 Turkey Pen Lane",36089,MeaganCBalk@rhyta.com,Lostremew,334-485-1163,172,86.7,4/27/1968,"The Jolly Farmer",424-22-5117
American,995,Adams,Darwin,J,"1441 Indiana Avenue",96814,DarwinJAdams@teleworm.us,Cappire,808-594-8406,180,97.8,4/2/1938,"Bonanza Produce Stores",751-03-1027
American,996,Enright,Anne,F,"3666 Eva Pearl Street",70764,AnneFEnright@einrot.com,Lather,225-659-8709,162,99.1,6/26/1947,"Robert Hall",664-10-3980
American,997,Larochelle,Haley,R,"1393 Millbrook Road",60126,HaleyRLarochelle@superrito.com,Thisposs,630-832-0595,150,59.1,8/16/1935,"Paper Cutter",348-18-1979
American,998,Rivera,Steven,V,"1803 Heron Way",97205,StevenVRivera@rhyta.com,Colovelictis87,503-833-8374,181,77.1,4/30/1987,"Sam Goody",542-42-8173
American,999,Barnes,Narcisa,A,"3415 Atha Drive",93206,NarcisaABarnes@jourrapide.com,Ocloolikese59,661-764-9992,165,72.0,3/17/1959,ManCharm,610-16-8272
American,1000,Alvarez,Mary,D,"1964 Southern Street",11756,MaryDAlvarez@cuvox.de,Theltorither,516-649-5429,170,54.4,11/25/1943,"Omni Tech",072-62-8844
American,1001,Rowe,Jorge,D,"3501 Richland Avenue",77058,JorgeDRowe@einrot.com,Alave1942,281-335-7351,179,63.0,10/10/1942,"On Cue",631-02-4382
American,1002,Nims,Edith,M,"3412 Beech Street",94509,EdithMNims@cuvox.de,Moll1941,925-756-6187,165,71.6,3/7/1941,"Kinney Shoes",552-92-6546
American,1003,Matthews,Elizabeth,P,"1098 Farland Street",02132,ElizabethPMatthews@fleckens.hu,Weireaddes,774-212-1695,162,70.1,5/5/1964,"Suadela Investment",023-12-7388
American,1004,Westhoff,Ellsworth,D,"1053 Corpening Drive",48226,EllsworthDWesthoff@rhyta.com,Conflims,248-390-8629,167,97.0,6/9/1971,"Consumers and Consumers Express",365-80-5074
American,1005,Massey,Jason,M,"1569 Round Table Drive",45311,JasonMMassey@einrot.com,Andeight,513-798-6260,182,108.7,7/7/1972,Beatties,277-60-5700
American,1006,Cox,Betty,K,"1700 McDowell Street",37211,BettyKCox@jourrapide.com,Netive,931-384-7201,161,90.2,2/18/1944,"Leath Furniture",408-78-5377
American,1007,Castillo,Robin,V,"4350 Grove Avenue",73601,RobinVCastillo@gustr.com,Shewit,580-392-2851,166,92.9,1/17/1953,"Turtle's Records & Tapes",446-76-7102
American,1008,Maston,Deborah,C,"3690 Bedford Street",06905,DeborahCMaston@fleckens.hu,Eastiond,203-962-2148,165,95.5,9/9/1970,"10,000 Auto Parts",049-50-4315
American,1009,Santiago,William,A,"3437 Grim Avenue",92020,WilliamASantiago@rhyta.com,Cirse2000,619-749-0555,172,61.3,1/8/2000,"Avant Garde Appraisal",567-33-1468
American,1010,Lewis,Robert,P,"4668 Eden Drive",93446,RobertPLewis@einrot.com,Relf1959,805-226-4481,182,97.0,10/22/1959,"Crandall's Fine Furniture",563-56-3690
American,1011,Tryon,Joseph,C,"3004 Wood Duck Drive",49855,JosephCTryon@armyspy.com,Niong1938,906-303-7091,178,72.9,11/22/1938,"Block Distributors",366-29-0788
American,1012,Fitzpatrick,Daniel,E,"3483 Emily Drive",29210,DanielEFitzpatrick@gustr.com,Fultisher,803-972-4386,181,86.6,11/12/1946,Witmark,657-07-8343
American,1013,Kingsley,Christian,A,"3940 Hardesty Street",12207,ChristianAKingsley@einrot.com,Hishen,518-412-7112,176,83.5,11/9/1988,"Hughes Markets",078-82-5221
American,1014,Blankenship,Mary,W,"4995 Doe Meadow Drive",20850,MaryWBlankenship@teleworm.us,Lonsward,301-545-7422,157,93.2,10/9/1983,Ejecta,220-90-0473
American,1015,Cruz,Suzanne,E,"297 Randall Drive",96720,SuzanneECruz@jourrapide.com,Bleturejaway62,808-756-1173,169,104.8,7/11/1962,"Dubrow's Cafeteria",575-55-7947
American,1016,Jones,Jerome,C,"2828 Duff Avenue",05001,JeromeCJones@dayrep.com,Wilis1997,802-452-7604,175,108.5,1/30/1997,Janeville,008-26-3181
American,1017,Osborne,Noel,M,"1546 Ethels Lane",33813,NoelMOsborne@fleckens.hu,Laughte,863-648-8492,168,64.4,1/23/1958,Tweeter,771-32-0247
American,1018,McCoy,Sam,L,"4009 Mcwhorter Road",38663,SamLMcCoy@cuvox.de,Fess1997,662-512-7335,184,66.1,12/19/1997,"Total Yard Maintenance",425-16-1478
American,1019,Weaver,Shanelle,T,"2205 Hanover Street",10016,ShanelleTWeaver@armyspy.com,Matedire,917-646-4047,170,69.1,10/5/1978,"Two Pesos",096-88-0977
American,1020,Soto,Judy,A,"4781 Still Street",45833,JudyASoto@rhyta.com,Youlthad,419-695-1175,171,72.2,2/22/1991,Monmax,281-78-6944
American,1021,Breit,Chris,S,"3421 Bobcat Drive",20008,ChrisSBreit@gustr.com,Prilese,240-993-1449,175,83.4,1/18/1984,"Madcats Music & Books",219-42-7097
American,1022,Mallett,Shana,B,"594 Brookview Drive",77701,ShanaBMallett@jourrapide.com,Cuse1941,409-204-4631,164,83.9,4/7/1941,"Laura Ashley",464-70-0713
American,1023,Kerstetter,Yvonne,M,"4961 Werninger Street",77032,YvonneMKerstetter@cuvox.de,Alwand,832-692-8736,159,74.3,2/24/1963,"Official All Star Café",459-47-2636
American,1024,Lancaster,Matthew,S,"56 Sheila Lane",89447,MatthewSLancaster@superrito.com,Thuthe,775-463-9738,185,101.4,4/5/1971,"Montana's Cookhouse",530-58-1089
American,1025,Smith,Steven,A,"4134 Bassel Street",70062,StevenASmith@superrito.com,Laclough,985-358-6896,168,61.5,7/15/1941,"Brooks Fashions",664-10-0464
American,1026,Bryant,Francisco,R,"883 Sunny Glen Lane",44131,FranciscoRBryant@cuvox.de,Classearge,216-750-5104,176,109.4,3/9/1978,Fedco,297-80-9719
American,1027,Degraw,Larry,P,"1014 Richland Avenue",77077,LarryPDegraw@teleworm.us,Seent1967,281-293-6121,168,80.2,7/23/1967,Liberal,645-58-8316
American,1028,Dorn,Todd,S,"2518 Barrington Court",71971,ToddSDorn@armyspy.com,Drigh1989,870-583-4012,189,109.8,8/12/1989,"Poore Simon's",429-39-7029
American,1029,Jones,Justin,G,"1844 Whaley Lane",53151,JustinGJones@fleckens.hu,Roped1948,262-492-3372,178,66.0,12/1/1948,"Rainbow Life",399-22-8493
American,1030,Hull,Paul,L,"159 Green Gate Lane",21046,PaulLHull@cuvox.de,Excepromarry,443-780-4757,183,76.7,8/18/1981,"The Record Shops at TSS",218-68-0549
American,1031,Armstrong,Samuel,K,"4863 Twin Oaks Drive",49713,SamuelKArmstrong@rhyta.com,Poned1993,231-549-5686,185,99.7,5/22/1993,Monmax,381-98-0848
American,1032,Huntley,James,B,"1516 Melm Street",32114,JamesBHuntley@superrito.com,Sion1959,386-956-3598,176,92.9,11/20/1959,"Pak and Save",772-46-3492
American,1033,Steib,Gertrude,S,"4580 Rockford Road",02141,GertrudeSSteib@jourrapide.com,Saver1978,774-999-1668,165,50.5,5/6/1978,"Big Daddy's Restaurants",031-54-5234
American,1034,Legendre,Helen,W,"432 Sampson Street",80202,HelenWLegendre@fleckens.hu,Untervace,303-618-7724,175,97.3,12/12/1996,"Just For Feet",651-24-7121
American,1035,Woods,Ryan,A,"1857 May Street",41301,RyanAWoods@superrito.com,Anempon,606-362-9489,182,76.4,7/8/1943,"Sun Foods",405-07-6051
American,1036,Middaugh,Richard,S,"132 White Lane",31041,RichardSMiddaugh@teleworm.us,Beffectrall,478-949-5203,168,75.6,9/9/1984,"Accord Investments",252-31-9399
American,1037,Clayton,Isabel,A,"1787 Windy Ridge Road",46825,IsabelAClayton@armyspy.com,Sirent,260-618-9600,171,71.7,11/24/1971,"Steak and Ale",309-46-8367
American,1038,Oleary,Michael,J,"4425 Woodside Circle",32548,MichaelJOleary@rhyta.com,Bettpou,850-830-8655,174,62.6,7/23/1948,"Team Electronics",263-73-9080
American,1039,Vasques,Helen,E,"4972 Alexander Avenue",94597,HelenEVasques@dayrep.com,Forese,925-660-2081,156,84.5,2/3/1984,"Security Sporting Goods",605-80-7439
American,1040,Adams,Betty,D,"2571 Denver Avenue",92508,BettyDAdams@cuvox.de,Shand1975,951-413-5000,158,61.3,10/10/1975,"Laura Ashley Mother & Child",562-63-1973
American,1041,Flinn,Emanuel,F,"2916 Blue Spruce Lane",21401,EmanuelFFlinn@gustr.com,Soute1959,410-320-4764,173,111.2,7/23/1959,Harold's,216-05-0199
American,1042,Huntley,Lisa,D,"959 Coffman Alley",42101,LisaDHuntley@teleworm.us,Marmigeder,270-793-4387,150,76.6,3/13/1936,"Rainbow Life",406-56-0068
American,1043,Ray,Lorraine,M,"3710 Timbercrest Road",99557,LorraineMRay@cuvox.de,Wrond1966,907-675-3047,171,92.8,2/14/1966,"Food Mart",574-18-9561
American,1044,Valle,Curtis,M,"199 Broad Street",35212,CurtisMValle@armyspy.com,Kepand,205-510-4243,188,70.5,8/9/1975,Maxaprofit,417-45-9193
American,1045,Alvarado,Anna,G,"1951 Adamsville Road",78501,AnnaGAlvarado@gustr.com,Bullithein,956-688-4954,174,90.9,7/17/1991,"Belle Ladi",640-78-2467
American,1046,Torres,Nicole,F,"2563 Peaceful Lane",44109,NicoleFTorres@einrot.com,Sucan1980,216-459-3822,172,89.7,4/10/1980,"Matrix Architectural Service ",272-12-7986
American,1047,Stephan,Mollie,R,"2062 Emerson Road",71118,MollieRStephan@gustr.com,Wiss1988,318-671-3758,166,87.6,6/1/1988,"Irving's Sporting Goods",662-10-5315
American,1048,Koenig,Paul,C,"98 Diane Street",93010,PaulCKoenig@einrot.com,Buly1967,805-384-3793,170,101.1,3/29/1967,"Team Electronics",624-05-5055
American,1049,Jones,Dorothy,H,"3936 Hillside Drive",70582,DorothyHJones@teleworm.us,Crifel,337-845-6528,169,87.2,7/30/1934,"KG Menswear",661-05-1191
American,1050,Zimmerman,John,V,"1996 Pinnickinnick Street",07701,JohnVZimmerman@einrot.com,Plumakeem,732-842-3109,179,92.7,4/30/1972,"Greenwich IGA",148-88-2770
American,1051,Watts,Ronald,C,"1546 Cecil Street",60610,RonaldCWatts@rhyta.com,Toret1960,312-280-5942,177,67.5,12/23/1960,"Copeland Sports",326-96-2664
American,1052,Bohannon,George,C,"2144 Nelm Street",20705,GeorgeCBohannon@superrito.com,Landshly1996,571-330-5917,176,73.1,11/25/1996,Gottschalks,227-78-7863
American,1053,Stevens,Denise,D,"1361 Doctors Drive",90067,DeniseDStevens@jourrapide.com,Hiscommock,310-407-2187,170,78.8,3/1/1973,"Carrols Restaurant Group",612-02-5694
American,1054,Pride,Mary,C,"298 Edwards Street",27801,MaryCPride@jourrapide.com,Utaltorge,252-674-2927,168,73.2,10/16/1966,"Wells & Wade",244-73-0743
American,1055,King,Alan,L,"4781 Viking Drive",43215,AlanLKing@superrito.com,Andinse,740-739-4447,179,90.2,4/23/1965,"Woolf Brothers",273-08-3240
American,1056,Luton,Harold,W,"1829 Rhapsody Street",34471,HaroldWLuton@armyspy.com,Terestand,352-368-8065,183,101.0,12/15/1971,"World Radio",593-72-6630
American,1057,Hernandez,Larry,D,"314 Eagles Nest Drive",95667,LarryDHernandez@gustr.com,Teforning1955,530-622-0707,171,64.6,11/23/1955,"Lee Wards",551-93-7384
American,1058,Daniel,Michael,N,"1550 Coventry Court",70806,MichaelNDaniel@superrito.com,Cese1933,225-964-9645,181,73.4,10/19/1933,"Enrich Garden Services",660-12-1566
American,1059,Dunn,Kristina,C,"2357 Flynn Street",44125,KristinaCDunn@teleworm.us,Opead1992,440-935-7088,174,57.4,10/29/1992,"Personal & Corporate Design",293-36-6283
American,1060,Carpenter,William,N,"2170 Memory Lane",61101,WilliamNCarpenter@teleworm.us,Youstaired91,815-908-9161,188,93.8,6/18/1991,"Circuit City",318-38-1873
American,1061,McCarthy,Patricia,H,"3181 Ventura Drive",95060,PatriciaHMcCarthy@jourrapide.com,Dessad,831-420-4195,166,80.5,1/11/1944,"Pergament Home Centers",565-75-3220
American,1062,Anderson,Steve,S,"4112 Flanigan Oaks Drive",20763,SteveSAnderson@rhyta.com,Swout1988,301-308-5161,185,105.1,5/8/1988,"Builders Emporium",219-84-9906
American,1063,Harmon,Robert,A,"526 Rosemont Avenue",32810,RobertAHarmon@cuvox.de,Wasem1960,321-947-8653,179,63.8,12/5/1960,"Monk House Sales",592-64-7514
American,1064,Williams,Miriam,M,"2751 Smithfield Avenue",79401,MiriamMWilliams@cuvox.de,Aname1978,806-724-6464,174,51.8,4/23/1978,"Hollywood Video",630-48-6256
American,1065,Wasilewski,Regina,D,"1600 Reel Avenue",87107,ReginaDWasilewski@superrito.com,Pusting,505-344-1186,159,80.7,6/7/1958,"Hit or Miss",649-18-7938
American,1066,Leist,Robert,A,"311 Arron Smith Drive",96813,RobertALeist@gustr.com,Deave1976,808-535-7997,170,83.8,3/20/1976,"Children's Palace",575-27-3560
American,1067,Milliken,Timothy,A,"3998 Raccoon Run",98133,TimothyAMilliken@cuvox.de,Froasur,206-940-2503,164,94.0,5/15/1934,"Bonanza Produce Stores",537-15-8909
American,1068,McGee,Christopher,H,"1192 Reeves Street",54311,ChristopherHMcGee@armyspy.com,Prolead,920-883-7888,169,72.5,3/4/1972,"Solution Bridge",397-88-3756
American,1069,Burgess,Gene,E,"2168 Point Street",60457,GeneEBurgess@cuvox.de,Priend,773-882-6982,188,97.8,2/17/1986,"Wealth Zone Group",358-48-5139
American,1070,McMullan,Barbara,E,"2785 Driftwood Road",94612,BarbaraEMcMullan@cuvox.de,Roldatt68,408-415-4581,165,99.9,6/12/1968,"The Lawn Guru",570-65-4620
American,1071,Sailer,Sergio,M,"158 Heritage Road",93721,SergioMSailer@superrito.com,Reare1936,559-771-8856,177,76.6,12/26/1936,"Parade of Shoes",606-52-5214
American,1072,Stevens,Mary,R,"4913 Graystone Lakes",31082,MaryRStevens@cuvox.de,Lationd,478-553-4535,155,83.4,8/6/1986,Harold's,668-28-2263
American,1073,Huston,Aaron,C,"1720 D Street",48302,AaronCHuston@armyspy.com,Thaved,586-436-7614,179,91.1,9/22/1962,"Richman Brothers",372-92-0331
American,1074,Ryan,Adam,R,"1973 South Street",79701,AdamRRyan@jourrapide.com,Wilsock,432-625-3104,179,67.0,11/14/1967,,449-39-8957
American,1075,Robison,Amy,B,"236 Biddie Lane",23834,AmyBRobison@fleckens.hu,Dernmen,804-504-8280,169,60.0,5/18/1941,Macroserve,225-10-1766
American,1076,Sanders,Lucy,D,"4153 Fantages Way",04101,LucyDSanders@superrito.com,Hunnot,207-770-2042,153,56.0,10/7/1945,"The Record Shops at TSS",004-05-5914
American,1077,Drayton,Matthew,A,"2796 Oakdale Avenue",33852,MatthewADrayton@jourrapide.com,Imseadds,863-465-6945,169,101.4,10/25/1966,Naturohair,263-71-9471
American,1078,Yeager,Nita,J,"3383 Wood Duck Drive",49801,NitaJYeager@gustr.com,Befuld,906-397-4749,167,54.5,12/10/1978,"Schucks Auto Supply",377-66-7468
American,1079,Reynolds,William,W,"269 Charack Road",47421,WilliamWReynolds@superrito.com,Restake,812-276-7852,171,86.7,3/9/1944,Macroserve,306-07-1536
American,1080,Crawford,Tyron,R,"894 Eva Pearl Street",70802,TyronRCrawford@cuvox.de,Terent,225-506-2587,181,100.9,5/17/1952,"Colonial Stores",433-55-6581
American,1081,Attwood,Harry,H,"2974 Eagles Nest Drive",95928,HarryHAttwood@rhyta.com,Herthew,530-588-9550,173,96.2,10/28/1934,"Disc Jockey",626-98-8096
American,1082,McCabe,Cecilia,P,"2022 Lee Avenue",08052,CeciliaPMcCabe@rhyta.com,Haped1969,856-305-5644,169,99.9,1/19/1969,Thorofare,158-40-9961
American,1083,Vernon,David,Y,"3234 Masonic Drive",59601,DavidYVernon@cuvox.de,Lossized,406-558-1909,168,62.9,1/23/1957,"Advansed Teksyztems",516-26-5815
American,1084,Bradley,Jeffrey,D,"1761 Nash Street",48124,JeffreyDBradley@fleckens.hu,Andies,313-278-2986,176,63.7,11/17/1984,"Ernst Home Centers",370-44-4441
American,1085,Connor,Howard,M,"1939 Kessla Way",29902,HowardMConnor@rhyta.com,Dinvis,843-305-9661,170,110.5,8/28/1954,"Envirotecture Design",654-22-3243
American,1086,Luster,Mari,R,"24 Lost Creek Road",19406,MariRLuster@rhyta.com,Prowell,610-962-0651,163,101.2,11/10/1978,"Griff's Hamburgers",175-22-5468
American,1087,Brown,Jason,V,"3238 Hoffman Avenue",10016,JasonVBrown@cuvox.de,Delp1933,917-879-6101,181,98.5,9/2/1933,"Soft Warehouse",079-58-2411
American,1088,Hedrick,Lorraine,M,"2278 Norma Lane",71070,LorraineMHedrick@cuvox.de,Anage1991,318-576-4370,174,93.4,8/22/1991,"The High Heelers",664-07-3667
American,1089,Armendariz,Palmer,T,"3998 Kovar Road",01581,PalmerTArmendariz@fleckens.hu,Thiselach1984,508-561-2361,177,84.3,5/28/1984,"Gamma Realty",034-05-2307
American,1090,Echols,Tammi,M,"3556 Willow Greene Drive",36014,TammiMEchols@gustr.com,Saftee,334-307-5922,154,56.4,5/5/1933,"Cherry & Webb",420-38-5431
American,1091,Blackburn,Shirley,A,"3750 Conference Center Way",18640,ShirleyABlackburn@einrot.com,Dewend,570-912-9983,154,98.8,10/8/1992,"Mr. Clark's Appliances",175-42-0574
American,1092,Peterson,Shirley,J,"1366 Fleming Street",36330,ShirleyJPeterson@einrot.com,Poetild,334-368-8007,154,71.1,9/14/1949,"Enrich Garden Services",424-08-4436
American,1093,Anderson,Phyllis,H,"1468 Lucy Lane",47708,PhyllisHAnderson@fleckens.hu,Almom1973,812-465-8282,162,90.0,8/25/1973,"Huffman and Boyle",310-44-0014
American,1094,Hurtado,Victoria,J,"3348 Eastland Avenue",39201,VictoriaJHurtado@superrito.com,Shostoodbods,601-353-6899,161,68.2,6/16/1961,"House Works",426-98-9874
American,1095,Kaplan,Valarie,B,"4759 Spring Avenue",18974,ValarieBKaplan@fleckens.hu,Whosseem40,267-672-4560,151,51.0,10/18/1940,"Envirotecture Design Service",180-10-1608
American,1096,Kirschner,James,M,"3796 Pinewood Avenue",49855,JamesMKirschner@einrot.com,Liagn1976,906-732-8352,181,76.1,7/19/1976,"Central Hardware",369-32-8567
American,1097,Slape,Nancy,B,"2561 May Street",41844,NancyBSlape@cuvox.de,Ditach1954,606-368-5564,171,68.7,7/1/1954,"Mansmann's Department Store",403-64-2209
American,1098,Cordero,Charles,K,"3156 Lady Bug Drive",10306,CharlesKCordero@einrot.com,Noult1934,718-979-2166,167,89.2,1/28/1934,"Blockbuster Music",064-46-0623
American,1099,Powers,Tammy,C,"1670 Hardman Road",05701,TammyCPowers@teleworm.us,Ithat1952,802-773-5028,167,95.6,2/24/1952,"Zany Brainy",009-05-8880
American,1100,Cabrera,Earlean,D,"4436 Keyser Ridge Road",27401,EarleanDCabrera@gustr.com,Dessemot,336-506-4303,158,58.4,3/11/1983,"Stop N Shop",686-01-1632
American,1101,Griego,Ralph,A,"4402 Mattson Street",97108,RalphAGriego@gustr.com,Quilve,503-398-3426,168,94.3,7/1/1961,"Rogers Peet",541-80-2110
American,1102,Gentry,Jason,G,"3810 Heliport Loop",47710,JasonGGentry@cuvox.de,Peconesuring,812-715-9982,172,106.0,2/2/1985,Judy's,306-06-3638
American,1103,Christensen,Caroline,R,"3683 New Street",97401,CarolineRChristensen@fleckens.hu,Nameace,541-334-1870,161,83.8,10/8/1946,"On Cue",540-68-7171
American,1104,Ross,Richard,K,"3061 Southern Avenue",50851,RichardKRoss@superrito.com,Histake,641-333-4545,175,86.1,9/9/1989,GEX,478-09-5600
American,1105,McCarron,Lilian,E,"4456 Chestnut Street",33614,LilianEMcCarron@gustr.com,Guis1943,727-478-7131,155,74.2,7/2/1943,"Our Own Hardware",595-25-8177
American,1106,Kellogg,Martha,I,"3150 Tecumsah Lane",71006,MarthaIKellogg@teleworm.us,Stintion,318-965-0000,156,70.7,12/10/1937,"Buena Vista Realty Service",435-15-3548
American,1107,Parrish,Tonya,C,"3592 Hill Street",43609,TonyaCParrish@cuvox.de,Easking,419-802-3642,158,102.0,9/23/1982,Stratapro,273-46-4344
American,1108,White,James,T,"3960 Quarry Drive",36303,JamesTWhite@jourrapide.com,Doesire,334-753-7815,180,94.6,9/8/1944,"Earthworks Garden Kare",417-18-0672
American,1109,Sickles,Teresa,M,"3023 Deercove Drive",75142,TeresaMSickles@superrito.com,Nitandeaughs,214-932-7633,160,92.0,1/23/1979,"Cala Foods",466-08-2209
American,1110,Lane,Becky,D,"441 Lawman Avenue",20004,BeckyDLane@fleckens.hu,Wherenot,703-245-4266,171,99.6,3/17/1974,"Magna Architectural Design",231-22-9315
American,1111,Bollinger,George,J,"2316 Willow Oaks Lane",70601,GeorgeJBollinger@jourrapide.com,Andurn,337-300-4907,177,110.0,3/12/1986,"Destiny Planners",435-11-4061
American,1112,Short,Shellie,L,"2092 Grim Avenue",92111,ShellieLShort@einrot.com,Fassed,619-733-8112,157,48.9,1/20/1993,Adaptaz,616-40-5925
American,1113,Peachey,Emilio,B,"68 Public Works Drive",37620,EmilioBPeachey@dayrep.com,Maring,423-341-8773,184,80.1,8/21/1939,"Nan Duskin",757-01-7986
American,1114,Ivie,Isabel,B,"2066 Valley Street",08053,IsabelBIvie@teleworm.us,Fietund,856-874-7342,151,56.6,11/9/1950,"White Coffee Pot",140-08-0764
American,1115,Yager,Seymour,T,"4301 Pheasant Ridge Road",19126,SeymourTYager@cuvox.de,Farsitrand1977,215-548-7338,175,76.0,9/12/1977,"Schucks Auto Supply",197-14-2082
American,1116,Harris,Virginia,E,"1824 Eden Drive",23222,VirginiaEHarris@gustr.com,Bandegirs,804-895-5757,174,59.0,6/29/1986,"Food Barn",227-73-1219
American,1117,Chapa,Louise,D,"3270 Morgan Street",32501,LouiseDChapa@gustr.com,Adminst,850-434-9244,161,81.0,1/19/1987,Gottschalks,267-74-9505
American,1118,Hess,Joshua,V,"3001 Cook Hill Road",06604,JoshuaVHess@jourrapide.com,Evely1965,203-540-5123,168,97.7,5/25/1965,Monit,045-05-8868
American,1119,Handy,Edward,M,"307 Frederick Street",95652,EdwardMHandy@cuvox.de,Agemput1962,916-271-7014,182,80.3,8/15/1962,"Sanitary Grocery Stores",551-70-5178
American,1120,Snider,Carol,K,"3603 Goldcliff Circle",20783,CarolKSnider@jourrapide.com,Xviver,202-236-8764,174,57.2,7/28/1998,"The Independent Planners",578-16-9903
American,1121,Schneider,James,S,"3564 Godfrey Road",10040,JamesSSchneider@fleckens.hu,Fralke,212-569-1213,168,70.7,7/16/1981,"Big Daddy's Restaurants",085-48-6565
American,1122,Phillips,Joshua,D,"3590 Old House Drive",43963,JoshuaDPhillips@einrot.com,Theremings,740-859-9222,168,73.6,9/23/1933,Netcore,284-58-1366
American,1123,Ouimet,Desmond,C,"2360 Garfield Road",61489,DesmondCOuimet@teleworm.us,Hingently,309-639-3660,190,71.7,1/25/1994,Littler's,332-20-2001
American,1124,Martin,Marissa,R,"278 Roane Avenue",77062,MarissaRMartin@rhyta.com,Boashe,281-990-1999,152,80.9,6/26/1936,"Hit or Miss",453-47-8909
American,1125,Roberts,Wayne,S,"4753 Concord Street",28209,WayneSRoberts@rhyta.com,Eale1949,704-586-6554,175,84.7,8/6/1949,"Xray Eye & Vision Clinics",688-05-0149
American,1126,Taylor,Lai,T,"3208 Scenic Way",62319,LaiTTaylor@superrito.com,Younter1979,217-667-4908,154,78.1,1/29/1979,"Harold Powell",318-16-1264
American,1127,Song,Justin,M,"3197 Private Lane",31015,JustinMSong@fleckens.hu,Onely1964,229-276-0938,181,100.7,5/14/1964,Sav-A-Center,257-11-8292
American,1128,Amaral,Scott,V,"2221 Lee Avenue",08619,ScottVAmaral@dayrep.com,Hatte1938,856-279-4360,183,59.3,3/22/1938,"Boys Markets",142-90-2359
American,1129,Cassidy,Linda,L,"3302 Parrish Avenue",78009,LindaLCassidy@jourrapide.com,Thento,830-931-7985,160,98.6,11/11/1941,"Jewel Mart",639-56-7117
American,1130,Young,Jerry,C,"128 Tipple Road",18964,JerryCYoung@dayrep.com,Othethe,215-703-5680,166,73.3,11/16/1947,"Integra Wealth Planners",179-34-6404
American,1131,Rodriguez,Pamela,D,"729 Armory Road",28401,PamelaDRodriguez@jourrapide.com,Scialicested,910-762-4288,170,71.8,3/11/1984,"Waves Music",682-07-2081
American,1132,Dones,Ronna,M,"4676 Eden Drive",91362,RonnaMDones@teleworm.us,Thestive,805-230-3021,154,61.3,1/18/1996,"Modern Architecture Design",569-21-6695
American,1133,Negron,Kristy,S,"2623 Pinnickinnick Street",07728,KristySNegron@cuvox.de,Stals1957,732-858-6802,162,65.6,6/4/1957,"Herman's World of Sporting Goods",140-05-9491
American,1134,Duncan,Walter,A,"4846 Broaddus Avenue",42101,WalterADuncan@rhyta.com,Uniagard,270-285-7186,176,65.9,12/16/1979,Luria's,401-76-1489
American,1135,Gott,Dorothy,E,"4552 Rosebud Avenue",72201,DorothyEGott@einrot.com,Hickis,870-396-2687,159,64.2,3/13/1993,Strawberries,429-78-0676
American,1136,Burrows,Lawrence,R,"1160 Pearlman Avenue",01720,LawrenceRBurrows@einrot.com,Wheared,978-266-7626,171,91.1,3/27/1941,"Central Hardware",028-72-7523
American,1137,Alloway,Joseph,K,"1252 Harry Place",28120,JosephKAlloway@einrot.com,Hatuared1952,704-820-7170,185,95.0,6/2/1952,"KG Menswear",242-86-0294
American,1138,Shelton,Sabina,J,"2017 Hide A Way Road",95113,SabinaJShelton@armyspy.com,Enut1981,408-286-8896,172,57.9,6/24/1981,"The Network Chef",546-16-5681
American,1139,Peters,Trina,S,"2471 Swick Hill Street",28202,TrinaSPeters@superrito.com,Forray,980-555-1634,156,58.6,11/14/1950,"Lindsley's Lumber",245-45-9973
American,1140,Thomas,Mary,E,"3792 Ottis Street",73601,MaryEThomas@dayrep.com,Bellork1999,405-296-2172,152,64.3,3/19/1999,"Pay 'N Pak",441-84-6375
American,1141,Shepard,Amy,T,"149 Perry Street",48235,AmyTShepard@armyspy.com,Difusleas,810-626-3780,155,74.3,5/2/1991,"Life Map Planners",379-80-5145
American,1142,Johnson,Tom,A,"1623 Holly Street",28263,TomAJohnson@teleworm.us,Whicke,704-996-2959,178,68.4,9/14/1983,"Paul Harris",684-01-1546
American,1143,Marshall,Roy,W,"892 Broadcast Drive",28202,RoyWMarshall@teleworm.us,Whousens,704-227-8097,173,102.2,9/21/1941,"Grass Roots Yard Services",239-12-5705
American,1144,Moran,Cornelius,B,"1300 Valley Drive",19403,CorneliusBMoran@teleworm.us,Spost1945,267-386-2980,171,72.4,2/27/1945,"Block Distributors",167-24-8566
American,1145,Leslie,Leana,L,"1420 Brannon Street",90017,LeanaLLeslie@teleworm.us,Marjohishe,213-303-6849,170,89.1,2/23/1976,"Gov Mart",562-61-5132
American,1146,Batson,Christopher,F,"530 Kelley Road",39501,ChristopherFBatson@gustr.com,Marn1985,228-267-4286,174,104.1,5/16/1985,Cavages,587-22-8217
American,1147,Tenorio,Daisy,B,"3320 Crestview Terrace",78852,DaisyBTenorio@dayrep.com,Siguld66,830-773-8920,156,91.7,10/18/1966,"Walt's IGA",631-18-9392
American,1148,Pena,Sandra,S,"3766 Wilkinson Court",33934,SandraSPena@dayrep.com,Stalithe,239-657-6556,168,53.3,3/9/1935,"Blockbuster Music",262-33-6546
American,1149,Alcantar,Victor,M,"4232 Bryan Street",27407,VictorMAlcantar@fleckens.hu,Thomand,336-207-3570,167,96.1,11/6/1959,"Holly Tree Inn",681-09-2829
American,1150,Banks,Suzanne,S,"4801 Bolman Court",62314,SuzanneSBanks@einrot.com,Ruence,217-338-1168,156,91.2,6/11/1980,ManPower,335-76-3662
American,1151,Werner,Javier,S,"2531 Walnut Street",39201,JavierSWerner@jourrapide.com,Irew1981,601-623-9697,175,99.5,12/15/1981,"Multi-Systems Merchant Services",426-34-1771
American,1152,Elmore,Mary,C,"3247 Chipmunk Lane",04240,MaryCElmore@gustr.com,Prouggers,207-777-2697,169,93.7,10/12/1943,"Practi-Plan Mapping",006-28-1457
American,1153,Archie,Salvador,W,"4473 Poe Road",77070,SalvadorWArchie@dayrep.com,Siond1945,832-912-8307,171,77.9,8/21/1945,ManCharm,454-66-3193
American,1154,Mitchum,Deborah,B,"4003 Haven Lane",48912,DeborahBMitchum@rhyta.com,Proured,517-680-5525,172,89.6,6/1/1982,"Afforda Merchant Services",366-33-8213
American,1155,Carpenter,Edward,L,"3108 Heavens Way",34240,EdwardLCarpenter@teleworm.us,Indect1936,941-879-2418,164,85.8,8/12/1936,"The Goose and Duck",767-10-4389
American,1156,Wethington,Michael,J,"57 Glendale Avenue",91504,MichaelJWethington@dayrep.com,Doccap,818-692-8330,177,63.9,2/11/1993,Megatronic,566-84-3049
American,1157,Eckel,Robert,L,"1229 Alfred Drive",11375,RobertLEckel@gustr.com,Sampriscrom,718-268-1435,182,83.3,4/1/1946,"Plan Future",120-94-6154
American,1158,King,George,C,"1515 Fowler Avenue",46225,GeorgeCKing@teleworm.us,Dion1960,765-978-7659,177,100.3,3/18/1960,"Thom McAn Store",317-27-6798
American,1159,Massey,Sylvia,E,"1795 Bird Street",87109,SylviaEMassey@superrito.com,Worlse,505-550-8395,161,88.7,3/6/1947,"Sky High Financial Advice",585-94-2127
American,1160,Jones,Phillip,H,"4419 Grove Avenue",73501,PhillipHJones@superrito.com,Esifer,580-351-1687,166,66.7,11/30/1941,Komerci,446-84-8461
American,1161,Martinez,Eva,C,"1155 Lonely Oak Drive",36693,EvaCMartinez@gustr.com,Acho1985,251-602-3395,166,62.3,9/6/1985,"Personal & Corporate Design",419-43-3448
American,1162,Davis,Patrick,C,"4208 Ross Street",62234,PatrickCDavis@superrito.com,Thetting,618-212-9873,177,85.1,1/30/1998,"Odyssey Records & Tapes",355-03-7244
American,1163,Casanova,Terry,N,"1745 Mandan Road",63101,TerryNCasanova@fleckens.hu,Sandsous,573-758-8696,166,111.6,9/3/1963,"J. B. Van Sciver",490-05-1739
American,1164,Jackson,Leoma,D,"944 Prudence Street",48213,LeomaDJackson@teleworm.us,Soramought,313-365-3554,162,90.3,4/17/1955,"Destiny Realty Solutions",384-96-6994
American,1165,McGarvey,George,M,"4340 Monroe Street",77478,GeorgeMMcGarvey@cuvox.de,Tandishe,713-415-8452,173,63.5,7/8/1962,Janeville,466-08-1529
American,1166,Kirk,Nick,J,"4782 Edgewood Avenue",93721,NickJKirk@cuvox.de,Thoofearm,559-284-9968,173,88.8,10/15/1976,"Farrell's Ice Cream Parlour",559-09-3035
American,1167,Smith,Leroy,V,"1809 Rose Street",60527,LeroyVSmith@armyspy.com,Eventere,708-276-1542,190,91.1,11/28/1987,"Wholesale Club, Inc.",353-84-1200
American,1168,Humphries,Linda,C,"489 Norma Avenue",77006,LindaCHumphries@dayrep.com,Gamen1969,936-868-1061,156,99.4,2/12/1969,"Integra Wealth Planners",645-05-5589
American,1169,Evans,Ryan,G,"252 Matthews Street",61701,RyanGEvans@gustr.com,Stou1939,815-610-4603,170,101.2,11/4/1939,Adray,337-20-4695
American,1170,Lopez,Janice,R,"2388 Irving Road",43081,JaniceRLopez@einrot.com,Torandready,740-457-3214,159,81.2,11/13/1960,Acuserv,270-18-8493
American,1171,Palmer,Elizabeth,G,"2308 Amethyst Drive",48864,ElizabethGPalmer@rhyta.com,Rocird46,517-242-0851,157,81.8,2/9/1946,"Bonanza Produce Stores",366-58-4590
American,1172,Hunter,Tonya,M,"1636 Glen Falls Road",19146,TonyaMHunter@armyspy.com,Anduce,215-875-1053,155,99.3,7/2/1947,"Road Runner Lawn Services",162-82-6060
American,1173,Ibarra,Robin,D,"2820 Middleville Road",91101,RobinDIbarra@teleworm.us,Theark1958,626-396-9515,166,68.1,1/30/1958,Evans,566-46-2815
American,1174,Roberts,Richard,S,"3960 Hampton Meadows",02169,RichardSRoberts@rhyta.com,Cials1966,978-336-4953,181,85.2,11/6/1966,"Dream Home Real Estate Service",011-50-0821
American,1175,Hyder,Robert,S,"3904 Settlers Lane",11426,RobertSHyder@superrito.com,Arborl,917-800-6917,169,90.2,7/1/1960,"Target Realty",101-32-9748
American,1176,Dodson,William,E,"4390 Clover Drive",81003,WilliamEDodson@armyspy.com,Fauting,719-295-9655,179,83.0,4/8/1988,"Twin Electronics",524-28-9692
American,1177,Allen,Laurie,J,"3800 Woodlawn Drive",53154,LaurieJAllen@jourrapide.com,Doull1940,414-762-9461,154,84.5,2/3/1940,"Eli Moore Inc",393-80-5440
American,1178,Cruz,Michael,M,"949 Tree Top Lane",08102,MichaelMCruz@superrito.com,Raingerred,609-980-0286,187,110.7,12/27/1990,"Zany Brainy",158-48-1527
American,1179,Jeffers,Bud,A,"1283 Francis Mine",95971,BudAJeffers@dayrep.com,Theirey,530-283-3572,177,72.7,5/25/1942,"S&W Cafeteria",607-90-1154
American,1180,Carswell,Aaron,K,"3849 Poe Lane",64106,AaronKCarswell@einrot.com,Froand,913-439-3430,174,72.6,3/29/1982,MagnaSolution,512-03-5483
American,1181,Rivera,Gina,M,"2944 Coffman Alley",42701,GinaMRivera@gustr.com,Camither1984,270-769-6996,155,51.8,7/19/1984,"Quest Technology Service",400-57-1854
American,1182,Benfield,Mary,M,"3707 Findley Avenue",58620,MaryMBenfield@armyspy.com,Ardelf,701-879-6872,169,96.8,11/30/1948,"Franklin Music",501-94-1788
American,1183,Carr,Maureen,D,"3717 Roosevelt Road",66755,MaureenDCarr@cuvox.de,Coull1998,620-237-3508,157,53.6,7/6/1998,"Earl Abel's",511-16-3987
American,1184,Gorman,Edward,D,"1491 Ritter Avenue",48302,EdwardDGorman@dayrep.com,Thapproter54,586-805-9954,171,92.4,6/30/1954,Hoyden,378-13-6279
American,1185,Hale,James,D,"2905 Woodside Circle",32501,JamesDHale@teleworm.us,Whingle,850-710-3076,176,66.1,9/3/1981,"Service Merchandise",261-36-7722
American,1186,Laborde,Donald,G,"2281 Kelly Drive",25701,DonaldGLaborde@cuvox.de,Tescomirce1976,304-881-4923,185,100.8,9/16/1976,"Unity Stationers",232-78-5686
American,1187,Ogden,Ida,I,"3049 Burnside Avenue",84511,IdaIOgden@fleckens.hu,Speould,435-678-2345,155,102.4,5/28/1956,"Present Company",528-13-9889
American,1188,Figueroa,Dave,D,"887 Fancher Drive",76031,DaveDFigueroa@rhyta.com,Saps1957,214-315-2237,185,93.6,2/21/1957,"Piccolo Mondo",634-56-9825
American,1189,Provost,Marie,A,"60 Bastin Drive",19034,MarieAProvost@gustr.com,Nedisoom,484-782-3710,157,55.6,10/12/1947,"Magna Wealth",164-10-5179
American,1190,McCarthy,William,M,"1654 Joy Lane",90017,WilliamMMcCarthy@cuvox.de,Therewo,818-492-8553,177,96.8,8/7/1934,"Buehler Foods",560-12-5269
American,1191,Crain,Flavia,R,"2121 Irving Road",43017,FlaviaRCrain@rhyta.com,Latron,740-514-6593,155,66.4,11/8/1984,"Levitz Furniture",285-54-8410
American,1192,Fitzgerald,Robert,S,"3431 Formula Lane",75240,RobertSFitzgerald@superrito.com,Addapprilk,469-477-1316,165,69.8,3/5/1998,"Shoe Kicks",645-03-8302
American,1193,Patterson,Calvin,D,"2559 Mayo Street",40509,CalvinDPatterson@einrot.com,Affied,859-699-0511,172,96.6,8/9/1950,"Garden Guru",404-62-7153
American,1194,Duvall,Kelly,J,"2465 Hoffman Avenue",10013,KellyJDuvall@gustr.com,Gots1947,917-892-8171,157,94.2,10/24/1947,"O.K. Fairbanks",100-26-9760
American,1195,Jessen,Wilfredo,K,"2191 Philadelphia Avenue",84111,WilfredoKJessen@fleckens.hu,Liagn1986,801-239-2449,188,110.1,9/13/1986,"Universo Realtors",646-32-7824
American,1196,Kelly,Kenneth,M,"1791 Lynch Street",54911,KennethMKelly@fleckens.hu,Plact1987,920-967-4612,189,100.1,5/11/1987,"The Goose and Duck",393-32-2816
American,1197,Milligan,Thelma,T,"4525 Doe Meadow Drive",20910,ThelmaTMilligan@jourrapide.com,Chisomen,301-578-2003,155,94.2,11/15/1942,Adaptabiz,218-58-2716
American,1198,Scott,Brittney,J,"367 John Calvin Drive",60606,BrittneyJScott@rhyta.com,Whimes,708-820-6957,157,58.3,5/12/1980,"Town and Country Convenience Stores",354-38-6819
American,1199,Guyette,Walter,A,"179 Oakmound Road",60657,WalterAGuyette@armyspy.com,Priketelle1939,773-281-6806,169,62.3,9/19/1939,"Universo Realtors",332-07-7616
American,1200,Heath,Jannie,K,"1658 Rollins Road",69121,JannieKHeath@einrot.com,Witheirate,308-764-6813,150,75.0,11/8/1940,"Gold Touch",505-43-2067
American,1201,Bayne,Nancy,J,"412 Chipmunk Lane",04011,NancyJBayne@armyspy.com,Foraceir,207-798-7855,170,88.2,4/13/1973,"House Works",006-24-5185
American,1202,Frasier,Jerry,J,"3347 West Fork Street",59474,JerryJFrasier@dayrep.com,Spastry1991,406-424-4724,175,104.7,3/22/1991,"Odyssey Records & Tapes",516-26-1056
American,1203,Carter,Elizabeth,T,"481 Locust View Drive",94947,ElizabethTCarter@dayrep.com,Uncloyesseen,415-897-8664,156,53.6,7/7/1994,"Fit Tonic",603-27-6853
American,1204,Rodriguez,Jami,J,"4801 Cessna Drive",46804,JamiJRodriguez@rhyta.com,Hises1974,260-319-9142,163,77.3,2/18/1974,Steinberg's,303-86-3034
American,1205,Lacy,Steve,D,"4153 O Conner Street",39501,SteveDLacy@armyspy.com,Hortilly,228-863-4427,182,97.0,1/18/1959,"Home Quarters Warehouse",428-08-2451
American,1206,Kuhlman,Randolph,M,"3076 Austin Secret Lane",84713,RandolphMKuhlman@teleworm.us,Hirtire,435-438-8288,180,80.5,5/25/1965,"Sunflower Market",528-41-5308
American,1207,Miller,Roberta,C,"235 Lauren Drive",53533,RobertaCMiller@armyspy.com,Twiletionly,608-474-9355,170,78.6,1/10/1978,JasmineSola,397-19-1475
American,1208,Morales,Bobby,L,"1620 Baker Avenue",76148,BobbyLMorales@einrot.com,Roorithe79,817-849-4338,181,113.4,1/3/1979,Merrymaking,630-78-4163
American,1209,Sander,Robert,S,"4215 Philli Lane",74434,RobertSSander@rhyta.com,Folve1995,918-478-0811,170,72.3,6/5/1995,"Team Electronics",448-52-2660
American,1210,Dias,Sindy,J,"2514 Hornor Avenue",74003,SindyJDias@superrito.com,Trok1945,918-335-5609,156,72.2,11/13/1945,"Signa Air",447-32-2445
American,1211,Oaks,Richard,D,"4993 Waldeck Street",75034,RichardDOaks@einrot.com,Buthrotimily,817-476-0339,184,115.1,5/18/1966,"Bombay Company",462-11-1944
American,1212,Welk,Melanie,E,"2032 Apple Lane",61448,MelanieEWelk@einrot.com,Disme1936,309-289-4903,155,65.0,6/10/1936,Silverwoods,337-22-5236
American,1213,Ocampo,Maria,T,"2789 Rose Street",60455,MariaTOcampo@einrot.com,Pachise,708-261-2307,158,70.2,3/31/1946,"Fit Tonic",340-62-1622
American,1214,Morris,Susan,S,"2950 Pin Oak Drive",90701,SusanSMorris@armyspy.com,Covelf1934,562-924-4732,155,57.7,6/23/1934,"Rossi Auto Parts",570-02-8732
American,1215,Baeza,Matthew,M,"4252 Irish Lane",53704,MatthewMBaeza@fleckens.hu,Yousho33,608-719-1860,163,95.2,11/20/1933,"Pace Membership Warehouse",396-13-9030
American,1216,Hedberg,Ralph,M,"1266 Berkley Street",18106,RalphMHedberg@dayrep.com,Odearme,484-821-1199,180,59.3,11/3/1942,"Pro Property Maintenance",182-03-2840
American,1217,Cullen,Michael,S,"351 Oral Lake Road",55386,MichaelSCullen@fleckens.hu,Andints1940,952-443-1204,169,61.2,3/26/1940,"Market Basket",468-02-2771
American,1218,Miller,Ruby,R,"1826 Ashcraft Court",92121,RubyRMiller@dayrep.com,Becouby,619-350-1583,172,80.6,2/11/1977,Dahlkemper's,621-04-4315
American,1219,Rowland,Cathy,M,"186 Hartway Street",57268,CathyMRowland@cuvox.de,Dien1950,605-794-9432,163,74.0,12/17/1950,Warshal's,504-25-9839
American,1220,Johnson,Stacey,J,"4734 Lynn Avenue",54701,StaceyJJohnson@cuvox.de,Promestruche,715-519-2100,170,90.0,3/21/1953,"Maloley's Finer Foods",393-25-9438
American,1221,McKnight,Nancy,D,"208 Alpha Avenue",32091,NancyDMcKnight@cuvox.de,Himme1938,904-263-0188,166,63.5,10/30/1938,"Harmony House",593-14-3511
American,1222,Nissen,Angela,M,"1715 Turnpike Drive",35904,AngelaMNissen@armyspy.com,Mandivether,256-442-3339,154,51.2,1/25/1982,"Red Robin Stores",416-27-1420
American,1223,Lester,Tonya,S,"3633 Hedge Street",07102,TonyaSLester@cuvox.de,Feas1995,908-663-2383,175,59.1,9/2/1995,"The White Swan",148-20-2293
American,1224,Hittle,Kenneth,C,"3206 Kennedy Court",01740,KennethCHittle@rhyta.com,Comisdazied,774-284-7818,175,103.1,8/27/1950,"Kinney Shoes",033-60-3579
American,1225,Schafer,Andrew,P,"4236 Cherry Tree Drive",32207,AndrewPSchafer@einrot.com,Reaked,904-338-9064,180,91.2,7/6/1996,"McMahan's Furniture",589-32-4200
American,1226,Graham,Kimberly,C,"3377 Marietta Street",94928,KimberlyCGraham@dayrep.com,Hurstoill,707-586-9997,161,94.4,10/21/1986,"Monk Real Estate Service",624-11-6533
American,1227,Peterson,Franklin,J,"1355 Monroe Street",77036,FranklinJPeterson@cuvox.de,Pubjessere,713-395-8946,181,102.7,8/21/1968,"The Flying Hippo ",454-77-1908
American,1228,Stepney,Mary,I,"310 Poe Road",29501,MaryIStepney@jourrapide.com,Hattertion,843-269-1877,154,53.9,7/17/1988,"KG Menswear",656-18-4751
American,1229,Gillman,Gwendolyn,S,"3666 Adams Avenue",21502,GwendolynSGillman@rhyta.com,Lawas1984,301-616-3161,166,98.6,6/26/1984,"The Wiz",218-34-6543
American,1230,Stewart,Antonia,G,"948 Ashmor Drive",58102,AntoniaGStewart@superrito.com,Allifigive,218-227-9047,165,88.7,3/29/1973,Musicland,475-76-2543
American,1231,Taylor,Karen,H,"4363 Ottis Street",73054,KarenHTaylor@armyspy.com,Tung1936,405-277-7615,165,54.0,3/25/1936,"Music Plus",440-01-7746
American,1232,Bartels,Janet,B,"2195 Murry Street",23510,JanetBBartels@einrot.com,Uposs1986,757-515-6896,172,104.0,4/25/1986,"Price Savers",694-01-6280
American,1233,Martinez,Alicia,E,"1360 Hilltop Street",01109,AliciaEMartinez@cuvox.de,Opetchas39,413-682-0559,152,58.7,1/5/1939,"Solution Bridge",024-10-2728
American,1234,Carpenter,Gwyn,C,"2866 Marcus Street",35802,GwynCCarpenter@armyspy.com,Yesseresels1995,256-642-7206,164,64.6,2/17/1995,"Rack N Sack",416-44-4170
American,1235,Gonzales,Domenica,J,"3614 Retreat Avenue",04240,DomenicaJGonzales@jourrapide.com,Thembsed,207-344-3811,160,76.8,8/21/1959,"Listen Up",007-24-6341
American,1236,Stevenson,Eugene,M,"820 Davis Court",62985,EugeneMStevenson@teleworm.us,Ansion90,618-949-7031,174,87.5,8/11/1990,Prestigabiz,319-03-9698
American,1237,Bass,Veronica,C,"3847 Goff Avenue",49093,VeronicaCBass@cuvox.de,Spokis,269-625-5386,174,91.9,10/4/1966,"Gov Mart",383-70-0539
American,1238,Dillon,Maria,D,"2774 Bagwell Avenue",32601,MariaDDillon@einrot.com,Pufuldin,352-582-9054,159,87.3,10/29/1956,"Vibrant Man",772-28-7357
American,1239,Butler,John,F,"4517 Private Lane",31717,JohnFButler@fleckens.hu,Lectong,229-248-9425,169,65.5,1/8/1959,"Griff's Hamburgers",256-12-9727
American,1240,Bourque,Veronica,R,"1428 Mill Street",33821,VeronicaRBourque@rhyta.com,Sainame1943,863-993-9393,156,56.7,3/30/1943,"Belle Ladi",590-25-7129
American,1241,Woodward,Lillie,M,"2115 Grove Street",11772,LillieMWoodward@rhyta.com,Theauster41,631-758-1704,161,101.2,8/28/1941,"Audio Aid",063-68-8288
American,1242,Horn,Marianne,D,"3949 College Avenue",45044,MarianneDHorn@dayrep.com,Denteoffores,937-459-2905,170,53.0,11/25/1998,"Century House",302-38-9128
American,1243,Gross,Jonathan,L,"347 Denver Avenue",92586,JonathanLGross@superrito.com,Cramem1964,951-301-0766,169,99.1,4/29/1964,"Morrie Mages",626-96-4318
American,1244,Linton,Beulah,S,"1283 Blane Street",63011,BeulahSLinton@dayrep.com,Hingst,314-651-9701,167,71.8,3/2/1973,"Colonial Stores",497-86-0473
American,1245,Roberts,David,C,"4636 Wetzel Lane",49503,DavidCRoberts@fleckens.hu,Bargeres,231-333-8112,179,81.0,9/7/1993,"Clemens Markets",371-14-2186
American,1246,Brooks,Michael,E,"4315 Star Trek Drive",32501,MichaelEBrooks@fleckens.hu,Anningues1947,850-313-1122,167,90.6,2/15/1947,"Destiny Realty Solutions",264-99-8564
American,1247,Zimmermann,Carla,C,"2388 Juniper Drive",48759,CarlaCZimmermann@armyspy.com,Deak1990,989-883-4629,165,86.1,6/10/1990,"Buehler Foods",375-48-4864
American,1248,Stevens,Michael,V,"3426 Juniper Drive",48723,MichaelVStevens@rhyta.com,Picketwor,989-912-2583,174,79.4,7/11/1947,"Budget Tapes & Records",379-32-8933
American,1249,McIntosh,Terri,C,"3121 Rowes Lane",40202,TerriCMcIntosh@teleworm.us,Weented,270-679-8910,163,54.8,10/9/1989,"Crown Books",402-70-7626
American,1250,Carter,Brad,L,"1848 Short Street",78759,BradLCarter@einrot.com,Mingthe,512-984-0928,175,79.3,1/3/1991,"Fit Tonic",633-84-1733
American,1251,Wells,Richard,M,"4866 Scheuvront Drive",80111,RichardMWells@rhyta.com,Traves,303-529-9950,182,98.2,10/26/1958,"Garden Guru",650-22-1176
American,1252,Love,Laura,J,"2718 Hewes Avenue",21045,LauraJLove@armyspy.com,Invisce39,443-660-4220,158,107.5,10/6/1939,"Dreamscape Garden Care",213-07-6527
American,1253,Thomas,Jamie,T,"508 Cambridge Court",72901,JamieTThomas@dayrep.com,Whards,479-831-2064,162,90.8,7/16/1993,"Mr. AG's",430-64-6956
American,1254,Keller,Barbara,E,"4989 Maple Court",62220,BarbaraEKeller@dayrep.com,Withful93,573-342-3233,169,84.0,8/29/1993,"Happy Bear Investment",486-88-4655
American,1255,Palacio,Terrence,A,"879 Coburn Hollow Road",61602,TerrenceAPalacio@einrot.com,Mysing,309-455-8303,174,107.4,1/19/1954,"Mr Fables",349-46-3026
American,1256,Boucher,James,M,"3813 Sand Fork Road",46947,JamesMBoucher@superrito.com,Onct1947,574-601-7085,170,65.5,8/8/1947,"On Cue",315-78-2631
American,1257,Dean,Kathy,L,"4719 Chardonnay Drive",98662,KathyLDean@jourrapide.com,Ashery1976,360-253-8493,154,69.7,4/9/1976,"Mission Realty",534-12-3082
American,1258,Peters,Ricardo,D,"40 Post Avenue",55713,RicardoDPeters@gustr.com,Pappok,218-929-9438,166,105.6,12/25/1958,"Pantry Pride",477-25-7209
American,1259,Wright,Lawrence,I,"1482 Todds Lane",78229,LawrenceIWright@fleckens.hu,Dering,210-575-6396,168,86.6,3/25/1943,"Total Yard Maintenance",645-56-8037
American,1260,Wagner,Dorothy,D,"2462 Pyramid Valley Road",52641,DorothyDWagner@superrito.com,Anall1987,319-537-9499,162,99.2,12/7/1987,Jacobs,482-17-4729
American,1261,Bravo,Carolyn,M,"4017 Columbia Mine Road",26003,CarolynMBravo@rhyta.com,Becomeavoing48,304-506-1654,163,51.7,5/5/1948,"Pro Star Garden Management",232-42-6740
American,1262,Kleinschmidt,Miguel,F,"2716 Wexford Way",29841,MiguelFKleinschmidt@teleworm.us,Amosout,803-257-1596,165,95.7,7/22/1950,"Sports Town USA",251-36-3379
American,1263,Gaines,Willie,R,"2366 State Street",48226,WillieRGaines@fleckens.hu,Trablinever,313-976-8859,166,89.3,7/29/1963,"Dick Fischers",373-07-3767
American,1264,Clifford,Anita,M,"3713 Bassell Avenue",67202,AnitaMClifford@einrot.com,Lifee1936,501-637-2755,157,68.4,9/4/1936,"Video Concepts",430-55-0998
American,1265,Carlson,Charles,D,"3415 Mahlon Street",07740,CharlesDCarlson@fleckens.hu,Pabeggetur98,732-923-9989,171,69.6,10/9/1998,"Vinyl Fever",144-96-8142
American,1266,Cannon,Ann,R,"3504 Twin Willow Lane",28301,AnnRCannon@rhyta.com,Hugge1993,910-483-0294,154,95.4,6/20/1993,Erol's,690-01-7403
American,1267,Spencer,Margaret,J,"2752 Hardesty Street",12203,MargaretJSpencer@teleworm.us,Unfortalty,518-452-9738,161,88.5,12/19/1962,Maxaprofit,112-12-0741
American,1268,Wilmes,Paul,D,"3417 Fittro Street",71601,PaulDWilmes@rhyta.com,Artribervill,870-310-7233,187,62.0,10/26/1983,"Happy Family",430-03-6686
American,1269,Gilbert,Helen,A,"245 Losh Lane",15143,HelenAGilbert@cuvox.de,Hictir,412-758-2434,167,53.1,4/13/1978,Sportswest,182-66-3087
American,1270,Payne,Darcy,M,"1617 Spring Haven Trail",07105,DarcyMPayne@einrot.com,Boad1941,973-690-5644,152,53.3,4/14/1941,"Sounds of Soul Records & Tapes",153-72-8636
American,1271,Montgomery,Rickie,S,"1810 State Street",48204,RickieSMontgomery@einrot.com,Frated,313-935-6083,171,69.1,7/30/1953,"Lawn N' Order Garden Care",369-32-3056
American,1272,Hardy,Joel,V,"2865 Driftwood Road",94539,JoelVHardy@dayrep.com,Arou1993,408-349-8773,174,77.0,4/26/1993,"Wise Appraisals",558-81-6262
American,1273,Middleton,Leona,J,"2784 Glenview Drive",77901,LeonaJMiddleton@superrito.com,Ovents,361-582-1305,160,80.9,11/11/1959,"Father & Son",631-76-7972
American,1274,Hoskins,Alisa,F,"1431 Nancy Street",27713,AlisaFHoskins@armyspy.com,Donized,919-597-4416,158,76.3,3/15/1986,"Plunkett Home Furnishings",686-03-1272
American,1275,Rose,Randy,G,"2820 Berkley Street",19403,RandyGRose@rhyta.com,Biry1965,484-839-2573,166,100.7,4/13/1965,"Rolling Thunder",178-30-5577
American,1276,Taylor,Darlene,B,"3923 West Fork Drive",33304,DarleneBTaylor@einrot.com,Arelithrous,954-489-2390,174,59.1,7/6/1970,"Wise Solutions",261-73-3676
American,1277,Paxton,Casey,C,"600 Lighthouse Drive",66762,CaseyCPaxton@gustr.com,Randly,417-238-2167,165,83.6,11/24/1960,"The Warner Brothers Store",492-50-4300
American,1278,Vaca,Richard,M,"405 James Martin Circle",43081,RichardMVaca@armyspy.com,Lithatinquir,614-332-8214,179,87.4,11/17/1985,Lazysize,286-98-3433
American,1279,Owens,Howard,V,"3777 Jail Drive",90247,HowardVOwens@dayrep.com,Scoming1938,310-213-9015,166,87.9,11/26/1938,"The Polka Dot Bear Tavern",568-32-2655
American,1280,Martinez,Suzann,K,"4829 Hummingbird Way",66441,SuzannKMartinez@superrito.com,Prieture,785-209-9884,158,51.3,9/3/1965,"DGS HomeSource",514-06-5731
American,1281,Nix,Larry,M,"1247 Nancy Street",27530,LarryMNix@superrito.com,Fortallen,919-581-7227,188,95.4,9/27/1979,"Crafts Canada",689-09-2952
American,1282,Lopez,Luis,R,"4329 Oxford Court",39211,LuisRLopez@fleckens.hu,Pubjer,662-269-4717,176,86.2,2/18/1972,"Hills Supermarkets",428-69-6199
American,1283,Fleming,Jason,B,"3973 Fraggle Drive",60119,JasonBFleming@superrito.com,Hathapsonel,630-365-8840,163,93.7,6/11/1939,"Steve & Barry's",350-74-1522
American,1284,Morales,Robert,A,"1775 Cecil Street",60527,RobertAMorales@gustr.com,Shened,312-271-7223,186,79.9,3/26/1977,"Destiny Realty",335-14-7892
American,1285,Foster,Charles,L,"2878 Mulberry Street",75964,CharlesLFoster@fleckens.hu,Norome,936-645-0807,174,68.7,5/21/1982,"Lone Wolf Wealth Planning",627-54-4059
American,1286,Walton,Levi,R,"2410 Brownton Road",39740,LeviRWalton@superrito.com,Himin1982,662-356-7178,171,82.9,9/25/1982,"W. Bell & Co.",426-44-0053
American,1287,Kelley,Elizabeth,P,"3709 Harley Brook Lane",15904,ElizabethPKelley@rhyta.com,Lathe1946,814-590-7803,154,69.6,8/15/1946,SoundTrack,160-14-0492
American,1288,Frank,David,M,"4010 Diamond Street",28801,DavidMFrank@jourrapide.com,Evould,828-564-5115,182,69.4,12/25/1962,"Consumers and Consumers Express",681-09-2144
American,1289,Sams,Suzanne,S,"4967 Cimmaron Road",92805,SuzanneSSams@einrot.com,Hervelp,714-555-6335,170,67.2,8/15/1993,"Price's Electronics",547-19-2272
American,1290,Fulk,David,G,"3863 Pinchelone Street",23502,DavidGFulk@dayrep.com,Bray1956,757-321-5381,172,85.6,3/7/1956,"Gas Legion",695-01-9124
American,1291,Schiff,Marilyn,B,"1305 Clay Street",46140,MarilynBSchiff@rhyta.com,Deres1994,317-468-1845,173,71.1,12/15/1994,"H. J. Wilson & Company",306-32-3795
American,1292,Smith,Dolores,H,"2754 Masonic Drive",59050,DoloresHSmith@cuvox.de,Dencen97,406-639-5291,167,46.9,12/16/1997,Chi-Chi's,516-29-7031
American,1293,Gibson,Philip,T,"2176 Chandler Drive",65781,PhilipTGibson@jourrapide.com,Untorst1988,417-742-9518,180,97.3,11/17/1988,"Children's Palace",489-68-6609
American,1294,Thies,David,T,"522 Pride Avenue",10467,DavidTThies@armyspy.com,Stinand,718-325-3936,179,68.9,6/8/1970,"Terra Nova Garden Services",077-20-8374
American,1295,Baxter,Jessie,E,"1775 Isaacs Creek Road",62692,JessieEBaxter@einrot.com,Hadful,217-435-6634,172,64.4,4/24/1937,"Future Bright",334-52-6354
American,1296,Banh,Verna,G,"3023 Hide A Way Road",95054,VernaGBanh@jourrapide.com,Knowelde,408-203-4312,167,74.7,12/31/1985,Afterthoughts,607-25-4849
American,1297,Byrd,Mark,R,"3810 Bungalow Road",68329,MarkRByrd@armyspy.com,Olenst,402-864-6530,184,62.6,1/28/1995,"Destiny Realty Solutions",508-60-5646
American,1298,Dammann,Carolyn,J,"2848 Bastin Drive",18109,CarolynJDammann@armyspy.com,Sonarmiss,484-660-1108,161,93.3,3/14/1980,"Good Guys",176-68-8408
American,1299,Martinez,Carlos,B,"4022 Lost Creek Road",19547,CarlosBMartinez@dayrep.com,Secled68,610-987-5513,181,92.5,4/5/1968,"Giant Open Air",167-40-5299
American,1300,Purvis,Jessie,S,"30 Steele Street",60631,JessieSPurvis@armyspy.com,Esely1994,630-677-1775,170,54.3,6/30/1994,"Crafts & More",325-90-7373
American,1301,Wright,Amber,W,"4421 Kerry Way",90017,AmberWWright@cuvox.de,Librad,562-709-3383,155,50.0,3/13/1973,"Penn Fruit",606-05-2649
American,1302,Howard,Annette,R,"1925 Pheasant Ridge Road",19154,AnnetteRHoward@superrito.com,Alre1992,215-501-5969,175,79.3,12/25/1992,"Western Auto",182-30-1696
American,1303,Rogers,Jorge,A,"1863 Confederate Drive",13057,JorgeARogers@dayrep.com,Therveld,315-725-4416,164,82.4,7/5/1951,"W. Bell & Co.",057-40-1050
American,1304,Yuen,Richard,J,"3544 Illinois Avenue",97005,RichardJYuen@dayrep.com,Hily1973,503-671-5104,179,65.8,10/19/1973,"Dun Rite Lawn Care",542-92-6400
American,1305,Webb,Charles,L,"1679 Wildwood Street",44307,CharlesLWebb@cuvox.de,Twerfell54,330-760-6538,182,97.0,12/14/1954,"Trak Auto",284-60-7090
American,1306,Seitz,Andrew,P,"4842 Duff Avenue",05363,AndrewPSeitz@gustr.com,Amen1969,802-464-8633,171,112.0,10/20/1969,"Warehouse Club, Inc.",009-44-9595
American,1307,Milner,Evelyn,J,"1431 Brannon Street",90071,EvelynJMilner@armyspy.com,Fiveraver77,213-237-5379,167,67.8,1/26/1977,"I. Magnin",569-56-3196
American,1308,Martin,Alexander,S,"192 Pleasant Hill Road",90706,AlexanderSMartin@rhyta.com,Rems1949,562-250-3005,180,96.1,12/14/1949,"Pay'N Takeit",610-90-2023
American,1309,Miller,Glenda,D,"2044 Wright Court",35205,GlendaDMiller@dayrep.com,Tithe1996,205-975-6942,164,91.3,2/17/1996,Practi-Plan,421-62-7617
American,1310,Pons,Malcolm,S,"1978 Ward Road",79912,MalcolmSPons@teleworm.us,Younsholve40,915-373-9417,163,89.1,6/7/1940,Sherman's,466-25-8286
American,1311,Molnar,Thelma,W,"1689 Wood Street",70360,ThelmaWMolnar@teleworm.us,Orge1965,985-868-4075,154,89.2,12/23/1965,Sandy's,434-83-8104
American,1312,Butler,David,S,"146 Barnes Avenue",45241,DavidSButler@armyspy.com,Andown,513-733-1322,182,86.6,10/2/1944,"Computer City",296-94-6465
American,1313,Hall,Phyllis,R,"2988 Crestview Manor",46268,PhyllisRHall@jourrapide.com,Knelows,317-334-7958,156,98.1,8/13/1940,"Architectural Genie",308-11-7228
American,1314,Smith,Jeffrey,P,"3137 Joes Road",12801,JeffreyPSmith@einrot.com,Fole1998,518-761-7977,179,79.8,9/27/1998,"Purity Supreme",097-14-2038
American,1315,Murrell,Robert,M,"1265 Barfield Lane",46254,RobertMMurrell@dayrep.com,Clightte,317-519-6743,182,108.2,6/10/1948,"Creative Wealth Management",303-14-0582
American,1316,Murphy,Florence,D,"4138 Allison Avenue",23185,FlorenceDMurphy@fleckens.hu,Igeend,757-565-1242,157,72.1,8/24/1995,"Rainbow Life",695-01-6037
American,1317,Holloway,William,C,"4005 C Street",02914,WilliamCHolloway@jourrapide.com,Anning,508-336-9830,183,93.1,11/15/1977,Heslop's,032-86-3984
American,1318,Rabe,Robert,B,"293 Simpson Street",61473,RobertBRabe@superrito.com,Theract,309-774-4222,174,104.1,6/15/1977,"Mission G",326-24-5410
American,1319,Taylor,George,J,"1590 Crummit Lane",02905,GeorgeJTaylor@superrito.com,Othopel,401-954-2148,170,100.4,9/23/1979,Acuserv,038-36-6946
American,1320,Lamb,John,H,"2670 Payne Street",24354,JohnHLamb@fleckens.hu,Frothed,276-783-4069,177,92.8,4/25/1991,Patterson-Fletcher,231-59-5219
American,1321,Cook,Garrett,J,"1585 Pinewood Drive",60172,GarrettJCook@cuvox.de,Giand1981,847-895-0481,181,100.0,1/26/1981,"All Wound Up",340-09-9711
American,1322,Newton,Georgia,F,"2630 Oak Way",68501,GeorgiaFNewton@dayrep.com,Himpary,402-458-8524,153,57.8,11/21/1937,"Gov Mart",506-31-0406
American,1323,Xavier,Colette,R,"4141 Hershell Hollow Road",98055,ColetteRXavier@rhyta.com,Yetrome,425-204-1472,170,74.0,5/27/1994,"Sammy's Record Shack",538-29-2284
American,1324,English,Casey,E,"4359 Saints Alley",33610,CaseyEEnglish@cuvox.de,Dienteor1942,813-625-0844,183,92.2,5/8/1942,Merrymaking,590-84-3845
American,1325,Martin,Jamie,D,"3658 Cambridge Place",21030,JamieDMartin@cuvox.de,Aliampat,410-584-6463,165,55.4,9/16/1998,"Audio Visions",219-06-5119
American,1326,Kott,Marx,H,"4047 Old Dear Lane",12601,MarxHKott@einrot.com,Incentens,845-747-5626,154,62.4,12/21/1974,"Grade A Investment",118-68-2078
American,1327,Whitt,Janice,D,"4104 Lamberts Branch Road",33157,JaniceDWhitt@fleckens.hu,Obelf1976,786-573-4910,165,94.5,10/5/1976,"Crazy Eddie",265-52-8731
American,1328,Bertram,Katelyn,J,"2585 Mount Olive Road",30247,KatelynJBertram@dayrep.com,Liselther,678-924-5336,170,57.9,3/9/1934,"National Shirt Shop",259-17-2064
American,1329,Saavedra,James,R,"2875 Airplane Avenue",06095,JamesRSaavedra@fleckens.hu,Whounces,860-930-8152,180,100.4,10/7/1950,Metro,048-74-5530
American,1330,Cushing,Douglas,M,"3450 Indiana Avenue",96813,DouglasMCushing@armyspy.com,Geopenceed,808-660-3939,166,113.3,7/17/1961,"Rich and Happy",576-23-5549
American,1331,Remer,Catalina,T,"343 Meadow Lane",95422,CatalinaTRemer@gustr.com,Ounkentoot,707-277-6105,156,97.5,1/12/1943,Incluesiv,603-11-7509
American,1332,Pelletier,Leo,J,"3296 Webster Street",08857,LeoJPelletier@cuvox.de,Doemput,732-607-6577,169,67.6,5/11/1933,"Music Plus",144-07-9845
American,1333,Norton,Larry,E,"4966 Ashcraft Court",92041,LarryENorton@teleworm.us,Explasom,619-465-5037,169,102.9,1/20/1988,McDuff,556-61-5953
American,1334,Mulligan,Edith,C,"1515 College Avenue",45402,EdithCMulligan@dayrep.com,Complatict,937-449-3745,171,56.6,10/15/1973,Druther's,291-66-9493
American,1335,Mitchell,Kathy,D,"3771 Gateway Road",97214,KathyDMitchell@jourrapide.com,Exis1987,503-235-5874,161,91.6,9/22/1987,"AJ Bayless",541-86-1660
American,1336,Gillard,Travis,M,"2346 Burton Avenue",38110,TravisMGillard@cuvox.de,Tirs1995,901-828-0912,170,56.8,2/16/1995,"Oklahoma Tire & Supply Company",413-01-6612
American,1337,Cooper,Terry,R,"759 Walnut Avenue",83814,TerryRCooper@rhyta.com,Prou1990,208-819-4698,173,84.8,12/20/1990,"Foot Quarters",518-31-9685
American,1338,Hill,Raul,A,"2305 Snowbird Lane",68104,RaulAHill@fleckens.hu,Graffits,402-651-3786,184,62.3,10/5/1998,"Rich and Happy",506-23-8428
American,1339,Booth,Patti,W,"3846 Barfield Lane",46278,PattiWBooth@cuvox.de,Knounge,317-523-7348,158,73.6,1/24/2000,"Big Apple",305-64-0809
American,1340,Gonzalez,Tarah,D,"2952 Center Street",07477,TarahDGonzalez@dayrep.com,Bouring51,551-556-0584,160,70.8,1/21/1951,"The Great Train Stores",138-13-6878
American,1341,Patterson,Mary,M,"4022 Memory Lane",60180,MaryMPatterson@dayrep.com,Tholuthe1982,815-923-0640,186,98.8,3/1/1982,"White Coffee Pot",344-56-7674
American,1342,Carter,Robert,S,"1159 Scott Street",12601,RobertSCarter@einrot.com,Wourethe,845-487-7393,169,63.9,1/25/1996,"K's Merchandise",096-46-7373
American,1343,Raines,Thomas,C,"2318 Nutter Street",64106,ThomasCRaines@gustr.com,Foreence,816-275-6297,181,110.6,10/21/1978,"Magna Gases",494-14-5611
American,1344,Davis,Ross,A,"2226 Broadway Avenue",37421,RossADavis@fleckens.hu,Whosecter,423-899-0687,188,98.4,6/18/1965,Indiewealth,412-48-2977
American,1345,Williams,Lisa,H,"839 Holden Street",92115,LisaHWilliams@armyspy.com,Haturat,619-265-0799,172,83.1,10/16/1993,"Price's Electronics",611-51-5078
American,1346,Neal,Barbara,J,"2736 Griffin Street",85003,BarbaraJNeal@dayrep.com,Strue1946,602-321-8603,160,74.2,5/31/1946,"The Fox and Hound ",526-64-3961
American,1347,Burton,Caleb,J,"3691 Chandler Hollow Road",15219,CalebJBurton@gustr.com,Eadve1934,412-433-4809,174,83.8,12/30/1934,"Carl Durfees",208-44-0455
American,1348,Throop,Jose,K,"548 Rosewood Lane",10016,JoseKThroop@superrito.com,Noren1934,212-983-5059,179,59.1,1/10/1934,"L' Fish",060-34-3241
American,1349,Ready,Sean,A,"4545 Lawman Avenue",20011,SeanAReady@rhyta.com,Mazur1975,703-269-3373,175,89.4,1/20/1975,"Quality Event Planner",225-08-1001
American,1350,Cain,Sarah,C,"2357 Margaret Street",77087,SarahCCain@rhyta.com,Formien,713-847-3219,153,68.8,8/11/1962,"Liberty Wealth Planners",465-24-1770
American,1351,Franz,Lydia,R,"3832 Tecumsah Lane",71047,LydiaRFranz@cuvox.de,Otion1988,318-925-7451,162,74.0,12/9/1988,"One-Up Realty",659-03-8421
American,1352,Bradford,Branden,D,"4684 Richards Avenue",95354,BrandenDBradford@armyspy.com,Marequild1987,209-819-8364,176,86.9,7/6/1987,"Steak and Ale",609-13-9482
American,1353,Anderson,Pamela,P,"1712 Half and Half Drive",93704,PamelaPAnderson@cuvox.de,Stics1965,559-817-5418,157,59.7,12/5/1965,"The Jolly Farmer",613-94-8087
American,1354,Fairbanks,Norma,P,"399 Lincoln Street",08052,NormaPFairbanks@jourrapide.com,Barpries,609-468-7468,154,90.9,1/3/1979,"Tee Town",150-54-2590
American,1355,Phillips,William,A,"3206 Happy Hollow Road",28540,WilliamAPhillips@cuvox.de,Andem1988,910-539-7657,185,79.9,12/30/1988,Nobil,241-80-5215
American,1356,Handley,Robert,S,"258 Woodbridge Lane",48201,RobertSHandley@rhyta.com,Sheill,313-576-8794,184,102.6,6/16/1979,"Rossi Auto Parts",384-70-1614
American,1357,Perkins,John,M,"3910 Gandy Street",13617,JohnMPerkins@cuvox.de,Pase1976,315-273-2566,168,86.7,7/1/1976,"Kiddie City",075-60-7820
American,1358,Roman,Charles,F,"4175 Heather Sees Way",74942,CharlesFRoman@teleworm.us,Murge1979,918-753-2250,184,82.3,5/27/1979,"Pup 'N' Taco",447-90-6389
American,1359,Millard,Dennis,L,"1317 Massachusetts Avenue",20005,DennisLMillard@armyspy.com,Frot1954,202-682-5387,166,110.0,4/8/1954,"Planet Profit",578-11-1200
American,1360,Peterson,Emma,B,"4488 Ashwood Drive",51331,EmmaBPeterson@dayrep.com,Proughat,712-337-5840,166,59.8,10/9/1962,VitaGrey,478-08-7102
American,1361,Boyd,Olga,J,"4846 Rivendell Drive",44444,OlgaJBoyd@gustr.com,Normis,330-872-3652,159,92.8,2/29/1972,Mages,272-50-9238
American,1362,Thomas,Barbara,G,"2639 Walnut Hill Drive",45202,BarbaraGThomas@superrito.com,Wasseepard,513-282-8667,155,76.0,3/2/1989,Ole's,294-62-1044
American,1363,Lamm,Lisa,T,"3863 Westwood Avenue",11530,LisaTLamm@teleworm.us,Thelingly61,516-805-8914,154,77.7,1/28/1961,"Shoe Pavilion",133-44-6279
American,1364,Tyler,Yolanda,S,"872 Michael Street",77063,YolandaSTyler@fleckens.hu,Wiled1959,713-829-2142,171,54.7,11/23/1959,"Road Runner Lawn Services",642-58-5211
American,1365,Cunningham,Caroline,P,"2471 Maxwell Farm Road",96118,CarolinePCunningham@armyspy.com,Expless,530-993-9949,154,72.6,3/7/1953,"Expo Superstore",604-96-9823
American,1366,Leahy,Paul,J,"4772 Driftwood Road",95136,PaulJLeahy@armyspy.com,Strats,408-363-1841,170,93.1,7/30/1962,Silverwoods,573-51-7481
American,1367,Newman,Nicholas,B,"3846 Briarhill Lane",44691,NicholasBNewman@jourrapide.com,Whicily,330-234-3264,182,79.3,2/4/1939,"Total Yard Management",290-04-9670
American,1368,Banks,Bianca,M,"740 Sweetwood Drive",80111,BiancaMBanks@dayrep.com,Toply1988,303-409-4597,166,76.8,5/15/1988,"Complete Tech",522-08-1898
American,1369,Hasson,Carl,B,"606 Michigan Avenue",15222,CarlBHasson@dayrep.com,Forintolue1983,724-655-8044,168,96.2,12/27/1983,"White Tower Hamburgers",190-66-8709
American,1370,Delarosa,Carla,H,"3721 Petunia Way",35209,CarlaHDelarosa@gustr.com,Plareput,205-806-0615,153,75.8,2/15/1945,"Mr. AG's",422-72-9398
American,1371,Mills,Sonja,A,"476 Pallet Street",10523,SonjaAMills@armyspy.com,Brosell,914-424-1729,158,51.7,2/19/1968,"K's Merchandise",071-90-0537
American,1372,Forcier,Theresa,F,"2608 Boone Street",98663,TheresaFForcier@einrot.com,Withold,360-993-7003,167,97.1,12/13/1985,"Tee Town",537-44-9111
American,1373,Kent,William,H,"1379 Chestnut Street",34653,WilliamHKent@armyspy.com,Wounieve,727-372-7569,181,81.4,3/25/1982,"Sunflower Market",768-32-7005
American,1374,Coleman,Sarah,M,"4887 George Avenue",36610,SarahMColeman@jourrapide.com,Octisher,251-233-3424,170,63.8,3/2/1968,"Access Asia",421-27-8662
American,1375,Garner,Donna,C,"611 Stanley Avenue",11576,DonnaCGarner@dayrep.com,Pokeed,516-484-1684,162,49.7,2/7/1995,Multicerv,079-76-8972
American,1376,Chamberlain,Marian,J,"2163 Reeves Street",54112,MarianJChamberlain@einrot.com,Uppoorning,920-897-7443,167,70.0,10/28/1990,"ABC Markets",399-40-4536
American,1377,Good,Timothy,V,"543 Charla Lane",75075,TimothyVGood@teleworm.us,Wittionfer39,972-758-8354,179,60.5,11/8/1939,"Olympic Sports",453-81-7411
American,1378,Turner,Vanessa,C,"3107 Bagwell Avenue",34471,VanessaCTurner@dayrep.com,Somptince,352-558-7373,157,58.9,1/9/1954,"Alpha Beta",262-46-1961
American,1379,Poole,Raymon,M,"1311 Charles Street",48198,RaymonMPoole@superrito.com,Yountwo54,734-481-5144,165,92.6,10/11/1954,"Larry's Markets",382-96-6738
American,1380,Johnson,Mark,A,"3872 Fairfax Drive",08854,MarkAJohnson@einrot.com,Prut1943,908-948-0956,181,67.4,12/9/1943,"Thrift Auto Parts",138-94-2830
American,1381,Sierra,Bradley,C,"337 Rhapsody Street",34471,BradleyCSierra@gustr.com,Juticappithe,352-369-1058,183,64.7,5/4/1946,"Omni Tech Solutions",263-47-0130
American,1382,Curtis,Carrie,H,"1327 Rardin Drive",94070,CarrieHCurtis@fleckens.hu,Diany1964,650-596-2450,162,92.4,6/8/1964,"China Coast",566-51-5251
American,1383,Faulkner,Alyssa,K,"4743 Carolyns Circle",75038,AlyssaKFaulkner@fleckens.hu,Wenton,214-756-1239,154,100.0,6/8/1966,"Manu Connection",455-87-1295
American,1384,Schreiner,Dong,S,"2500 Spring Street",62548,DongSSchreiner@jourrapide.com,Sourn1988,217-792-7455,190,61.6,9/13/1988,JumboSports,332-40-3432
American,1385,Keith,Margaret,J,"4608 Maud Street",19107,MargaretJKeith@dayrep.com,Stiverrom45,302-650-7608,157,94.9,7/16/1945,"Expo Superstore",221-03-0154
American,1386,Ward,Doris,E,"2856 Highland Drive",53202,DorisEWard@gustr.com,Twed1983,920-646-6459,171,70.3,3/10/1983,"Holly Tree Inn",393-12-9632
American,1387,Chambers,Barry,L,"4805 Columbia Boulevard",21146,BarryLChambers@armyspy.com,Godderd,410-431-4732,188,87.4,6/8/1985,Merry-Go-Round,218-14-1016
American,1388,Tyrrell,Keith,P,"1273 Hillview Street",29223,KeithPTyrrell@armyspy.com,Aceas1971,803-736-8426,177,102.1,1/20/1971,"Wise Appraisals",657-10-4276
American,1389,Follis,Sharon,R,"864 Jacobs Street",15222,SharonRFollis@teleworm.us,Ruind1988,412-303-3697,157,84.8,11/26/1988,Ransohoffs,196-40-2172
American,1390,Harris,Susan,G,"2545 Doctors Drive",90017,SusanGHarris@dayrep.com,Humband,310-347-6752,160,58.8,2/8/1942,Playworld,555-25-2344
American,1391,Winston,Kerri,S,"4822 Powder House Road",33401,KerriSWinston@dayrep.com,Dowentere87,561-709-4825,161,79.5,8/11/1987,"Central Hardware",595-85-2432
American,1392,Miller,Beatriz,S,"4974 Fire Access Road",27046,BeatrizSMiller@armyspy.com,Obesson,336-969-5001,163,75.0,6/12/1954,Powerbod,238-97-5502
American,1393,Hill,Gregory,D,"81 Marigold Lane",33179,GregoryDHill@jourrapide.com,Forearies,305-481-4401,174,77.7,2/2/1962,Strawberries,593-78-7729
American,1394,Holley,Don,M,"3936 University Street",98109,DonMHolley@cuvox.de,Strund,206-400-3377,182,98.5,6/9/1972,"Price Savers",537-42-2530
American,1395,Cook,Delores,A,"4562 Jewell Road",55402,DeloresACook@gustr.com,Searlitnot,612-664-0752,170,92.2,5/8/1978,Adray,473-76-9719
American,1396,Hoff,Shelton,R,"1169 Baker Avenue",75234,SheltonRHoff@einrot.com,Weavent,817-881-4269,188,64.6,8/19/1985,d.e.m.o.,630-48-7288
American,1397,Smith,Steven,S,"2351 Broadway Street",29910,StevenSSmith@dayrep.com,Ricated,843-815-5961,164,59.7,8/16/1933,"Pro Yard Services",655-22-4591
American,1398,Blais,Bernice,S,"169 Rose Avenue",70094,BerniceSBlais@einrot.com,Deass1937,504-342-0934,162,62.6,7/21/1937,"Tape World",433-70-3814
American,1399,Baltimore,Gary,J,"3598 Freed Drive",95204,GaryJBaltimore@jourrapide.com,Nink1951,209-755-6687,181,82.8,2/22/1951,"Mission You",561-05-3846
American,1400,Corpus,Dulcie,C,"637 Lawman Avenue",20011,DulcieCCorpus@superrito.com,Andef1948,703-270-2668,167,72.8,11/13/1948,Ardan's,223-67-4764
American,1401,Byrd,Jaime,J,"1829 Bartlett Avenue",48011,JaimeJByrd@cuvox.de,Herought,248-540-4924,168,73.0,6/5/1961,"Jack Lang",385-20-3774
American,1402,Ulibarri,Paul,M,"434 Romano Street",02210,PaulMUlibarri@jourrapide.com,Wheive,781-364-8636,175,75.5,6/28/1969,"Geri's Hamburgers",021-82-6660
American,1403,Clark,Betty,W,"657 Rhapsody Street",32757,BettyWClark@dayrep.com,Shaterent79,352-385-5929,158,82.2,4/15/1979,Sambo's,265-51-0172
American,1404,Sawyer,Stephen,V,"3029 Corbin Branch Road",37663,StephenVSawyer@superrito.com,Drined1938,423-483-3286,183,96.3,4/13/1938,"Rainbow Bay Crafts",761-01-6580
American,1405,Marone,Bill,A,"4366 Austin Avenue",31401,BillAMarone@cuvox.de,Misho1974,912-322-7017,187,92.4,2/22/1974,Powerbod,259-72-2907
American,1406,Doyle,Michael,H,"854 Vine Street",60077,MichaelHDoyle@einrot.com,Mough1967,847-676-8023,183,112.8,9/3/1967,"Quality Realty Service",353-94-1865
American,1407,Skinner,Carl,D,"1549 Pyramid Valley Road",52232,CarlDSkinner@fleckens.hu,Siong1985,319-525-1252,179,82.1,8/8/1985,"Cardinal Stores",485-14-9198
American,1408,Chaney,Dennis,M,"1321 Jarvis Street",14227,DennisMChaney@cuvox.de,Bobyth,716-909-2096,164,77.7,10/20/1999,"Mission Realty",134-20-6904
American,1409,Coward,Kieth,M,"2965 Callison Lane",19714,KiethMCoward@superrito.com,Yesseed,302-472-0649,181,84.5,4/28/1949,"Super Saver Foods",222-96-2985
American,1410,Herring,Sylvia,J,"2103 Kinney Street",01109,SylviaJHerring@fleckens.hu,Wassent,413-485-9342,170,56.9,2/25/1992,"Hamady Bros. Supermarkets",012-44-9918
American,1411,Bryden,Julian,J,"78 Davis Place",43527,JulianJBryden@dayrep.com,Dicagand,419-264-7587,167,108.3,5/21/1968,"Canal Villere",273-94-0252
American,1412,Bland,Katie,J,"1910 Whispering Pines Circle",76011,KatieJBland@cuvox.de,Coulut,972-358-7467,159,88.8,1/4/1965,Thompson,456-28-1219
American,1413,Jones,Robert,L,"1514 Elmwood Avenue",18109,RobertLJones@armyspy.com,Fromme1937,484-212-5296,165,93.5,10/15/1937,Steinberg's,198-78-1488
American,1414,Bonnett,Kara,L,"3607 Rhapsody Street",32601,KaraLBonnett@gustr.com,Tivenswil,352-337-6212,157,87.7,10/26/1973,"Realty Depot",266-52-0907
American,1415,Moran,Robert,A,"3429 Lowndes Hill Park Road",92614,RobertAMoran@dayrep.com,Duche1936,661-373-6212,169,92.9,11/8/1936,"Jackpot Consultant",611-74-4481
American,1416,Burns,Neal,M,"1722 Winifred Way",46225,NealMBurns@teleworm.us,Amill1997,765-678-5372,183,87.9,5/5/1997,"House 2 Home",316-46-7023
American,1417,Miller,Marcus,T,"2846 Bird Spring Lane",77478,MarcusTMiller@armyspy.com,Recter,281-562-2320,184,88.3,6/4/1968,"J. B. Van Sciver",637-84-6985
American,1418,Hayden,Elizabeth,D,"3388 Radio Park Drive",30753,ElizabethDHayden@gustr.com,Tern1952,706-734-3442,163,96.2,1/19/1952,"County Seat",255-66-1467
American,1419,Parker,Kimberly,F,"4462 Raver Croft Drive",37601,KimberlyFParker@armyspy.com,Coundel,423-676-0923,167,49.9,12/7/1946,"Rite Solution",409-50-4342
American,1420,McKinney,Margie,L,"4052 Bell Street",10019,MargieLMcKinney@superrito.com,Dishents,212-265-2049,163,88.2,1/26/1984,"Office Warehouse",061-78-7947
American,1421,Taylor,Carl,K,"1565 Doctors Drive",90248,CarlKTaylor@dayrep.com,Wrosixer,310-418-5196,168,106.2,8/18/1958,"Future Bright",617-62-0185
American,1422,Silvis,Kathleen,J,"2235 Cardinal Lane",62703,KathleenJSilvis@einrot.com,Ankintly,217-209-9108,164,71.0,6/1/1946,Silverwoods,335-54-2537
American,1423,Yancey,Jeffery,K,"1186 Benedum Drive",12430,JefferyKYancey@cuvox.de,Repere,845-254-1101,182,103.6,12/6/1995,"Rainbow Records",063-01-7004
American,1424,Anderson,Betty,R,"1798 Walnut Street",39180,BettyRAnderson@teleworm.us,Unfor1984,601-561-2266,167,100.9,1/3/1984,"Nickerson Farms",425-75-2898
American,1425,Wallace,Thomas,T,"1712 Feathers Hooves Drive",11901,ThomasTWallace@jourrapide.com,Whany1945,631-727-6810,173,71.1,7/17/1945,"Electronic Geek",100-22-7019
American,1426,Langevin,Bettie,R,"4277 Barfield Lane",46032,BettieRLangevin@fleckens.hu,Therfory,317-581-3865,164,85.5,6/12/1954,"Coffey's Market",306-60-6215
American,1427,Glowacki,Rosalind,M,"3155 Junior Avenue",30097,RosalindMGlowacki@gustr.com,Berful,404-561-2103,155,54.6,7/12/1936,"Bumper to Bumper Auto Parts",675-22-0336
American,1428,Bazemore,Monique,J,"3673 Rowes Lane",42431,MoniqueJBazemore@teleworm.us,Anclow,270-682-4561,160,101.1,2/9/1966,Vari-Tec,403-78-2489
American,1429,Loredo,Joe,J,"1236 Sunny Glen Lane",44109,JoeJLoredo@cuvox.de,Naters,216-741-7635,171,95.7,6/4/1979,Monlinks,300-70-0804
American,1430,McMullen,Andrea,F,"2174 Paradise Lane",91789,AndreaFMcMullen@fleckens.hu,Mareceing,909-594-1694,154,52.7,9/5/1950,"House Works",570-23-3749
American,1431,Collins,William,E,"445 Fannie Street",76903,WilliamECollins@fleckens.hu,Theretion,979-296-5706,177,94.6,11/25/1999,Peaches,635-02-3735
American,1432,Kerley,Alex,D,"227 August Lane",71457,AlexDKerley@superrito.com,Feercer,318-365-3761,179,66.9,9/3/1996,"Avant Garde Appraisal",439-21-1694
American,1433,Park,Earnest,A,"213 Seneca Drive",97071,EarnestAPark@einrot.com,Faily1976,503-981-6761,168,86.3,9/20/1976,Afforda,543-20-2208
American,1434,Maxwell,Jonathon,O,"2376 Parker Drive",44114,JonathonOMaxwell@armyspy.com,Ofted1991,216-571-4466,179,84.0,8/8/1991,"Corinthian Designs",278-09-7098
American,1435,Lane,Ralph,R,"632 Washburn Street",70802,RalphRLane@teleworm.us,Tirs1984,225-346-1409,172,107.4,1/9/1984,Wetson's,661-03-5251
American,1436,Moreira,Linda,J,"3089 Charles Street",48034,LindaJMoreira@jourrapide.com,Mobleclat,734-390-2273,161,80.4,3/29/1978,"Life Plan Counselling",382-01-5802
American,1437,Kissell,Sheldon,M,"153 Worley Avenue",22903,SheldonMKissell@gustr.com,Forrie,434-284-7967,182,76.3,6/22/1945,"Glicks Furniture",223-17-9017
American,1438,Westfall,Lela,C,"98 Maud Street",19108,LelaCWestfall@einrot.com,Aboy1973,302-604-8119,160,82.9,8/7/1973,Lazysize,221-42-7339
American,1439,Watkins,Francisco,S,"4285 Reynolds Alley",90017,FranciscoSWatkins@dayrep.com,Ealaings,562-358-5338,179,85.9,2/3/1963,"Sunny's Surplus",556-50-5291
American,1440,West,James,K,"3984 School Street",20024,JamesKWest@armyspy.com,Calsomed,202-837-1427,174,66.2,8/10/1981,"Price's Electronics",578-78-8609
American,1441,Klos,Charles,R,"5 Passaic Street",20036,CharlesRKlos@fleckens.hu,Thetut,202-293-1468,185,72.6,6/16/1980,Adaptaz,578-14-5711
American,1442,Meza,Roy,I,"1041 Hickman Street",60523,RoyIMeza@gustr.com,Tellost,630-442-6490,178,72.7,7/17/1982,Titania,331-26-4826
American,1443,Kaylor,Ronald,H,"1421 Post Avenue",55746,RonaldHKaylor@rhyta.com,Zoble1933,218-996-8402,176,90.8,11/28/1933,"Gas Legion",474-72-8833
American,1444,Altieri,Donald,D,"4144 Golden Street",33135,DonaldDAltieri@dayrep.com,Mrst1970,305-644-8398,184,104.3,7/10/1970,Druther's,267-88-0098
American,1445,Duncan,Pauline,D,"1331 Pinnickinick Street",98501,PaulineDDuncan@superrito.com,Whoint87,360-725-9814,168,58.6,4/1/1987,Ulbrich's,532-64-5918
American,1446,Carter,Michael,T,"405 Meadow View Drive",06103,MichaelTCarter@einrot.com,Herever,860-520-9040,185,111.1,12/4/1991,MagnaSolution,042-34-9264
American,1447,Lucky,Anna,J,"1221 Werninger Street",77027,AnnaJLucky@jourrapide.com,Enuenated,832-827-8933,156,77.7,12/10/1942,"Tons O' Toys",630-24-9134
American,1448,McCormack,Peter,K,"2575 Park Boulevard",50447,PeterKMcCormack@jourrapide.com,Sithen,641-729-8673,176,71.4,7/6/1967,"Olson Electronics",482-05-6062
American,1449,Ruff,Michael,K,"89 Arron Smith Drive",96701,MichaelKRuff@dayrep.com,Evaithere99,808-487-2189,179,71.0,6/15/1999,"The Network Chef",575-63-1786
American,1450,Proto,John,J,"1168 Lady Bug Drive",11420,JohnJProto@jourrapide.com,Whichown,718-925-5948,186,100.2,2/17/1963,Capitalcorp,076-76-9174
American,1451,Turpin,Joseph,T,"2932 North Street",84104,JosephTTurpin@fleckens.hu,Ramie1969,435-248-8659,174,85.5,11/1/1969,"Castle Realty",529-41-5012
American,1452,Freeman,Jeff,K,"3448 Hide A Way Road",95113,JeffKFreeman@superrito.com,Whoultall74,408-282-3472,176,69.3,5/30/1974,"Magna Solution",606-47-8552
American,1453,Strayer,William,P,"1493 Oak Lane",64106,WilliamPStrayer@jourrapide.com,Loctatintoo,660-815-2613,168,71.1,6/1/1990,"Quality Event Planner",488-84-6132
American,1454,Coffman,Robin,P,"4231 Eagle Drive",48335,RobinPCoffman@superrito.com,Hisir1979,734-689-6710,157,94.3,5/2/1979,"Sew-Fro Fabrics",381-66-3909
American,1455,Schaffer,Robert,E,"4733 Camel Back Road",74120,RobertESchaffer@superrito.com,Andints,918-595-1364,163,104.0,4/3/1949,"National Record Mart",443-10-5183
American,1456,Sigmon,Dawn,M,"2323 John Calvin Drive",60457,DawnMSigmon@jourrapide.com,Madys1991,708-921-4035,165,89.0,7/23/1991,"Mr. AG's",321-40-9427
American,1457,Ellis,Gertha,J,"2060 Meadowcrest Lane",40330,GerthaJEllis@einrot.com,Iliand,606-404-1493,155,101.5,11/28/1972,"Square Circle",406-41-6477
American,1458,Moore,Shaun,T,"316 Settlers Lane",10007,ShaunTMoore@gustr.com,Praged,917-779-4498,171,74.0,3/26/1949,"Del Farm",065-64-2729
American,1459,Hall,Gary,E,"4254 Austin Avenue",31313,GaryEHall@teleworm.us,Sche1993,912-370-8148,174,96.5,11/14/1993,"Noodle Kidoodle",667-07-8544
American,1460,Walsh,Margaret,J,"2447 Crestview Terrace",78205,MargaretJWalsh@fleckens.hu,Wicilite,830-765-9573,166,98.2,4/4/1957,Incluesiv,455-77-0316
American,1461,Legette,Jacqueline,D,"2464 Drummond Street",07094,JacquelineDLegette@armyspy.com,Knonts1977,973-221-1469,155,55.1,10/6/1977,"Virgin Megastores",151-32-6766
American,1462,Williams,Michael,B,"4355 Trymore Road",56026,MichaelBWilliams@teleworm.us,Adame1998,507-688-9251,164,84.3,4/1/1998,"Sports Unlimited",473-13-4839
American,1463,Clemons,Robert,J,"1644 Hoffman Avenue",11357,RobertJClemons@cuvox.de,Wherch,917-921-8637,177,94.3,6/20/1995,"Record Bar",069-58-9687
American,1464,Bryant,Joe,D,"3301 Frum Street",37201,JoeDBryant@teleworm.us,Cocestrable,615-301-3057,186,78.7,11/22/1974,"Sunburst Garden Management",414-95-8699
American,1465,Rush,Felicia,D,"2998 Mayo Street",45249,FeliciaDRush@fleckens.hu,Ficeive,859-760-1189,155,95.7,6/7/1984,Afforda,401-12-4415
American,1466,Schwartz,Greta,A,"2172 College Avenue",45434,GretaASchwartz@gustr.com,Gick1952,937-426-9486,152,100.0,11/30/1952,Purity,298-18-5800
American,1467,Pritchett,Frank,M,"1082 Dye Street",85003,FrankMPritchett@teleworm.us,Johne1990,480-718-2616,177,107.3,12/9/1990,"Record & Tape Outlet",600-38-4913
American,1468,Loeffler,Carlo,S,"1990 Willow Oaks Lane",70506,CarloSLoeffler@fleckens.hu,Feacts,337-380-8660,186,103.6,11/24/1984,"Asian Plan",660-05-5955
American,1469,Gibbs,Ivory,J,"243 Watson Lane",28712,IvoryJGibbs@armyspy.com,Woot1949,828-885-9858,175,86.6,3/31/1949,"Jewel Mart",681-05-5419
American,1470,Heroux,Wanda,T,"2087 Villa Drive",46526,WandaTHeroux@dayrep.com,Aterileas1958,574-535-6295,168,53.5,2/4/1958,"Magik Gray",314-72-9558
American,1471,Flory,Jose,A,"2699 Fittro Street",72201,JoseAFlory@gustr.com,Beeloo,870-277-1470,164,95.6,4/18/1936,"One-Up Realtors",679-07-7135
American,1472,Scott,Matthew,S,"2441 Sherwood Circle",70501,MatthewSScott@dayrep.com,Chrea1961,337-232-9380,183,90.3,10/3/1961,"Solution Answers",433-67-0466
American,1473,White,George,E,"12 Stone Lane",19601,GeorgeEWhite@armyspy.com,Lowee1997,610-378-9668,186,91.9,3/21/1997,"The Wall",188-58-9708
American,1474,Nieves,Travis,A,"3771 Short Street",78741,TravisANieves@gustr.com,Cognoself,512-963-9169,187,92.8,9/24/1961,TheBottomHalf,638-22-5047
American,1475,Carey,Julie,K,"3081 Clay Lick Road",80010,JulieKCarey@armyspy.com,Shoustor,720-857-0627,160,99.7,2/26/1949,"Sholl's Colonial Cafeteria",523-72-0209
American,1476,Counts,Catherine,W,"3935 Richards Avenue",93635,CatherineWCounts@teleworm.us,Thercits,209-826-2738,158,97.1,8/21/1986,"Chief Auto Parts",604-80-7190
American,1477,Allen,Bruce,E,"3464 Essex Court",05446,BruceEAllen@cuvox.de,Weenctiny1952,802-353-3663,170,66.2,5/10/1952,"Pearl Architectural Design",009-68-9396
American,1478,Cohn,Al,T,"1168 Stonecoal Road",43602,AlTCohn@dayrep.com,Agothad,419-603-6249,169,60.9,1/10/1946,"Price's Electronics",276-88-2473
American,1479,Morin,Carolyn,K,"3697 Oakmound Road",60657,CarolynKMorin@dayrep.com,Anlity1987,773-244-1011,157,54.0,1/31/1987,"A Plus Lawn Care",339-96-0266
American,1480,Bilodeau,Jesse,J,"358 Brooklyn Street",24019,JesseJBilodeau@cuvox.de,Moderithe,540-958-3217,182,59.5,11/9/1933,"Yesterday's Records",224-57-7336
American,1481,Jarvis,Grace,A,"2688 Clearview Drive",80027,GraceAJarvis@dayrep.com,Yoring,303-666-6999,163,58.5,5/5/1988,"Best Products",650-20-1661
American,1482,Murphy,Owen,S,"992 Parkway Street",90017,OwenSMurphy@teleworm.us,Notheir,760-330-9196,164,78.5,2/8/1949,"Pioneer Chicken",621-46-5755
American,1483,Winters,Shawn,J,"2173 Eastland Avenue",39211,ShawnJWinters@cuvox.de,Sonalf,601-385-1939,178,83.2,4/8/1947,Afforda,428-46-5966
American,1484,Cohen,Sheila,S,"1907 Roane Avenue",20783,SheilaSCohen@superrito.com,Wishoune,301-270-4791,171,86.6,11/23/1948,"Lone Wolf Wealth Planning",213-02-8691
American,1485,Eisele,Raymond,C,"3564 Pinnickinick Street",98101,RaymondCEisele@superrito.com,Uppound,360-722-5817,168,78.0,4/8/1953,"Present Company",533-34-1415
American,1486,Eads,Margarita,M,"1961 Settlers Lane",11530,MargaritaMEads@armyspy.com,Twouldes,917-807-8514,158,64.6,11/28/1937,"Team Electronics",134-90-8864
American,1487,Schalk,Ronald,H,"4440 Traders Alley",64504,RonaldHSchalk@cuvox.de,Questurnight,816-396-9905,188,85.2,11/12/1977,"Museum Company",500-34-3783
American,1488,Meyers,Sheila,M,"2547 Hazelwood Avenue",50322,SheilaMMeyers@rhyta.com,Inere1957,515-276-6622,169,86.0,7/21/1957,"Roadhouse Grill",484-82-2478
American,1489,Walker,Lorenzo,C,"4599 Late Avenue",73102,LorenzoCWalker@superrito.com,Raccuporly,580-768-5515,175,84.9,4/27/1935,"Office Warehouse",446-03-9411
American,1490,Bangs,John,E,"228 Buffalo Creek Road",37211,JohnEBangs@einrot.com,Extuality,615-832-3271,180,71.2,5/20/1982,"Coon Chicken Inn",760-01-1175
American,1491,Bentley,Robert,M,"2960 Yorkshire Circle",27948,RobertMBentley@teleworm.us,Buddard,252-256-1205,179,85.2,9/19/1957,"York Steak House",237-99-5794
American,1492,Taylor,Kathleen,J,"4106 Fire Access Road",27409,KathleenJTaylor@cuvox.de,Agemput1945,336-931-1103,168,94.8,9/24/1945,"WWW Realty",240-02-6485
American,1493,White,Amalia,A,"3422 Snyder Avenue",28202,AmaliaAWhite@dayrep.com,Thellight,704-622-1884,165,80.6,1/25/1973,"Al's Auto Parts",681-03-7201
American,1494,Ward,Hayden,C,"992 Payne Street",77002,HaydenCWard@teleworm.us,Thentervich,281-203-4147,171,68.6,12/2/1963,"You Are Successful",466-82-2283
American,1495,Mitchell,Earl,P,"4632 Wetzel Lane",49650,EarlPMitchell@cuvox.de,Retraid,231-275-9708,173,65.7,10/5/1935,"Schucks Auto Supply",370-02-0480
American,1496,Thompkins,Ralph,A,"3547 Rinehart Road",33196,RalphAThompkins@jourrapide.com,Loncend,786-319-4080,182,102.2,9/1/1942,"Monk House Sales",265-26-4827
American,1497,George,Gloria,W,"3866 Custer Street",15557,GloriaWGeorge@superrito.com,Geopos,814-926-5122,151,55.1,8/9/1948,Sistemos,183-50-2281
American,1498,Daulton,John,P,"1244 Oakwood Avenue",10007,JohnPDaulton@cuvox.de,Wernionsinks,212-619-5035,170,66.0,5/16/1979,"The Royal Canadian Pancake Houses",099-84-8533
American,1499,Lewis,Florence,O,"4026 Stratford Court",27612,FlorenceOLewis@jourrapide.com,Liamel,919-788-7865,158,51.8,10/11/1993,"Edge Garden Services",238-62-1948
American,1500,Ison,Richard,M,"4984 Walnut Hill Drive",45202,RichardMIson@fleckens.hu,Taitione,513-273-8841,183,109.6,4/2/1962,"Lone Wolf Wealth Planning",286-24-6817
American,1501,Abrams,Benjamin,S,"3118 Essex Court",05001,BenjaminSAbrams@dayrep.com,Bineir,802-342-0557,165,72.0,9/11/1956,"Simply Appraisals",009-78-0490
American,1502,Krause,Gustavo,J,"3632 Ben Street",48219,GustavoJKrause@teleworm.us,Heraturs33,517-982-7765,165,68.8,10/24/1933,Wetson's,379-78-3268
American,1503,Prescott,Joseph,S,"671 Keyser Ridge Road",27249,JosephSPrescott@gustr.com,Maint1974,336-449-0413,184,86.7,7/16/1974,Elek-Tek,238-16-5754
American,1504,Strother,Lonnie,A,"56 Hott Street",73109,LonnieAStrother@rhyta.com,Thatiand1995,405-636-2417,186,88.8,3/26/1995,"Auto Palace",447-20-0580
American,1505,Myers,Michele,B,"1508 Sycamore Fork Road",33311,MicheleBMyers@fleckens.hu,Thopulares,954-254-8882,155,51.3,6/8/1947,Maxaprofit,595-91-9243
American,1506,Butler,Leroy,M,"4574 Norma Avenue",77830,LeroyMButler@einrot.com,Nity1963,936-873-9281,180,99.5,3/4/1963,"Circuit City",457-95-2692
American,1507,Bleich,Ursula,G,"4925 Washington Street",78401,UrsulaGBleich@fleckens.hu,Pecied,361-411-7466,174,72.7,10/14/1968,"Official All Star Café",633-92-3429
American,1508,Hill,Lula,J,"4882 Horseshoe Lane",19108,LulaJHill@einrot.com,Wainty50,484-384-1063,155,97.4,4/18/1950,Quickbiz,203-74-3710
American,1509,Simpson,Mildred,B,"866 Green Acres Road",27801,MildredBSimpson@dayrep.com,Popegets1988,252-388-0540,156,72.6,2/2/1988,"Universo Realtors",238-31-5425
American,1510,Gonzales,Karen,B,"4503 Timber Ridge Road",95814,KarenBGonzales@rhyta.com,Engettly,916-716-3852,169,50.3,3/2/1992,"Enviro Architectural Designs",608-58-8829
American,1511,Billups,Shirley,T,"2928 Ray Court",28358,ShirleyTBillups@armyspy.com,Theak1986,910-272-1852,169,96.0,9/27/1986,"Alladin's Lamp",246-03-9851
American,1512,Tibbits,Meredith,C,"1947 Hilltop Haven Drive",07102,MeredithCTibbits@dayrep.com,Searattables,973-825-5447,168,98.8,1/8/1955,"Olson Electronics",152-82-0019
American,1513,Sevier,Luis,E,"4961 Lyon Avenue",02192,LuisESevier@fleckens.hu,Wiforece,508-928-0265,175,70.2,1/29/1966,"Fradkin Brothers Furniture",032-72-8852
American,1514,Howell,Kimberly,C,"1476 Birch  Street",79922,KimberlyCHowell@teleworm.us,Quich2000,915-588-3923,151,88.8,1/23/2000,"Team Electronics",462-11-5872
American,1515,Collins,Sandra,J,"2894 Pyramid Valley Road",52349,SandraJCollins@gustr.com,Fainterep,319-472-5149,166,89.0,4/29/1948,Anthony's,482-27-1885
American,1516,Fraser,Carolyn,W,"2575 Lady Bug Drive",11230,CarolynWFraser@einrot.com,Wourfact,718-951-1110,153,54.4,12/6/1962,"Warehouse Club, Inc.",115-05-8054
American,1517,Kahn,Jerome,M,"1386 Ashmor Drive",56401,JeromeMKahn@jourrapide.com,Entiven,218-232-7262,184,83.2,1/22/1960,"Crown Books",473-68-1183
American,1518,Phifer,Sheila,R,"3667 Thunder Road",94111,SheilaRPhifer@dayrep.com,Notheires,650-545-7129,152,56.0,5/9/1951,"Manu Connection",614-30-3250
American,1519,Leahy,Nicole,S,"1948 Alexander Drive",76367,NicoleSLeahy@teleworm.us,Diffeclus,940-438-2348,167,69.7,9/12/1970,GEX,465-39-4595
American,1520,Harbert,Maria,C,"497 Breezewood Court",67107,MariaCHarbert@jourrapide.com,Fromming,620-386-2194,164,84.7,7/19/1956,"G.I. Joe's",512-70-9069
American,1521,Yeager,Liz,J,"3779 Dogwood Lane",85614,LizJYeager@armyspy.com,Hutche,520-625-7452,166,99.7,7/19/1951,Thompson,600-15-9863
American,1522,Nelson,Dennis,D,"2927 Centennial Farm Road",51537,DennisDNelson@superrito.com,Trards1973,712-607-2336,180,114.2,7/20/1973,"Envirotecture Design",480-31-2969
American,1523,Worley,Teresa,J,"3976 Broadway Avenue",37377,TeresaJWorley@cuvox.de,Bronst,423-886-8938,167,95.3,3/23/1953,"DGS HomeSource",759-01-6010
American,1524,Cole,Charles,D,"4240 Fancher Drive",75225,CharlesDCole@teleworm.us,Thersemeaten,214-234-7051,176,78.5,7/29/1994,"Life's Gold",464-98-3563
American,1525,Turner,Penny,C,"3281 Briercliff Road",11373,PennyCTurner@superrito.com,Veaurse,718-672-0329,163,53.9,1/9/1957,"Grey Fade",096-34-8067
American,1526,Bailey,Katherine,W,"581 Ingram Street",45429,KatherineWBailey@teleworm.us,Jusenced,937-510-9364,168,83.7,1/10/1979,"Britling Cafeterias",270-52-3347
American,1527,Oneal,Alishia,A,"335 Wood Street",70139,AlishiaAOneal@teleworm.us,Thespothe,985-776-5707,166,104.8,7/13/1959,Huyler's,438-49-3343
American,1528,Guzman,Della,W,"3791 Preston Street",67865,DellaWGuzman@cuvox.de,Wholve,620-885-9742,169,93.6,5/24/1970,"Childrens Bargain Town",510-94-2690
American,1529,Gregory,Norma,G,"1002 Smith Street",01701,NormaGGregory@rhyta.com,Yesectood,508-788-5918,155,77.5,1/31/1983,Foxmoor,033-74-5861
American,1530,Dean,Raymond,B,"1609 Bloomfield Way",04957,RaymondBDean@cuvox.de,Evely1992,207-587-3363,171,84.3,6/27/1992,"Flipside Records",007-44-6758
American,1531,Lutz,Dana,M,"3115 Terry Lane",32751,DanaMLutz@superrito.com,Devents,321-263-3195,169,88.5,4/1/1954,"Cut Rite",592-66-5254
American,1532,Robidoux,Hugh,L,"1759 Irving Place",63010,HughLRobidoux@jourrapide.com,Tink1965,636-287-2042,177,105.9,1/24/1965,"On Cue",493-62-4033
American,1533,Rogers,Charles,D,"1035 Marshall Street",21076,CharlesDRogers@teleworm.us,Miscacer,410-693-7440,187,70.1,6/7/1998,"Singer Lumber",213-74-8106
American,1534,Taylor,David,A,"813 Frosty Lane",14859,DavidATaylor@gustr.com,Livize,607-598-2200,185,68.5,3/29/1998,"Mr. Clark's Appliances",115-80-0920
American,1535,Terry,Jason,L,"758 Meadow Drive",73040,JasonLTerry@superrito.com,Getelon,405-884-0438,188,103.2,5/16/1983,Choices,441-26-8643
American,1536,Heidel,Lois,W,"1988 Hope Street",75149,LoisWHeidel@dayrep.com,Mothe1987,972-222-5736,154,68.5,12/8/1987,"Mode O'Day",460-53-8939
American,1537,Thompson,Carl,C,"4800 Spirit Drive",32114,CarlCThompson@rhyta.com,Leng1962,386-820-2794,167,104.3,4/18/1962,"The Lawn Guru",592-12-6538
American,1538,Coggins,Peggy,W,"2235 Powder House Road",33410,PeggyWCoggins@armyspy.com,Tioncer,561-718-6579,152,87.8,1/31/1939,"Solid Future",590-04-3898
American,1539,Pollard,Kathleen,T,"4605 Ruckman Road",73057,KathleenTPollard@dayrep.com,Tingul99,405-867-7327,156,82.3,8/30/1999,Vitagee,447-03-3941
American,1540,Pearce,Nina,J,"176 Ashcraft Court",92118,NinaJPearce@teleworm.us,Ablents,619-435-2500,169,55.2,10/21/1995,"Realty Zone",621-17-1191
American,1541,Atkins,Grace,S,"2164 Neuport Lane",30338,GraceSAtkins@fleckens.hu,Posucheen1937,770-353-2904,162,58.6,8/13/1937,"Handy Andy Home Improvement Center",675-28-9503
American,1542,White,Courtney,W,"2692 Columbia Mine Road",25801,CourtneyWWhite@armyspy.com,Nien1951,304-578-2074,158,94.1,12/30/1951,"Destiny Realty Solutions",234-48-3195
American,1543,Aguilar,James,F,"926 Briarwood Road",64804,JamesFAguilar@armyspy.com,Theyought,417-825-7470,183,111.0,11/22/1992,"Quality Realty Service",490-88-6041
American,1544,Williams,Ingrid,N,"2003 Longview Avenue",11209,IngridNWilliams@armyspy.com,Comelf71,718-567-3049,167,96.9,5/17/1971,"Seamans Furniture",094-24-8311
American,1545,Grasty,Mary,D,"1876 Cabell Avenue",22030,MaryDGrasty@dayrep.com,Neseece,703-591-0316,165,84.8,11/7/1989,"Quality Event Planner",692-03-9112
American,1546,Beckman,Bettye,W,"809 Henery Street",67074,BettyeWBeckman@jourrapide.com,Butrackill,316-745-6025,171,73.1,3/7/1963,"Woolf Brothers",512-76-8648
American,1547,Stevenson,Michael,A,"2911 Longview Avenue",10014,MichaelAStevenson@einrot.com,Woncirt,718-540-7345,167,77.8,5/31/1982,"A Plus Lawn Care",073-60-0587
American,1548,Washington,Lillie,F,"873 Locust Street",31709,LillieFWashington@cuvox.de,Prome1951,229-924-6746,167,82.4,9/18/1951,"MacMarr Stores",259-69-6467
American,1549,Strand,Karen,T,"1927 Diamond Cove",02812,KarenTStrand@armyspy.com,Comforabiged,401-364-9310,164,78.0,4/1/1996,"Boys Markets",035-10-2446
American,1550,Davis,Charles,A,"4039 Argonne Street",19108,CharlesADavis@fleckens.hu,Andsc1948,302-344-0618,168,94.4,1/31/1948,"Wholesale Club, Inc.",221-28-4815
American,1551,Farrell,Gary,C,"921 Lake Floyd Circle",21740,GaryCFarrell@jourrapide.com,Buited,301-992-1537,164,94.4,12/24/1949,"Sports Town USA",215-49-1249
American,1552,Atwell,Morgan,E,"4803 Nutters Barn Lane",50322,MorganEAtwell@fleckens.hu,Anney1961,515-659-9855,179,70.7,2/4/1961,"Pro Star",484-76-4720
American,1553,Carpenter,Anthony,C,"1758 Pallet Street",10603,AnthonyCCarpenter@rhyta.com,Cumeartand,914-347-7492,189,67.9,4/20/1980,"Kohl's Food Stores",094-88-2965
American,1554,Welch,Shannon,B,"724 Fancher Drive",75039,ShannonBWelch@fleckens.hu,Postifer,214-296-4194,159,52.3,5/22/1998,"Kiddie City",644-26-5288
American,1555,Horne,Patricia,R,"2703 Terra Cotta Street",56441,PatriciaRHorne@gustr.com,Himbeyer,218-546-7490,164,52.3,4/4/1994,Perisolution,477-06-6976
American,1556,Kirby,Joseph,F,"3457 Asylum Avenue",10583,JosephFKirby@fleckens.hu,Bunecand,203-726-4354,183,68.1,4/2/1934,Playworld,043-60-6821
American,1557,Carlson,Mayra,B,"1031 Oak Ridge Drive",63401,MayraBCarlson@einrot.com,Thef1985,573-553-9209,171,88.0,4/20/1985,"Monk House Maker",488-42-2910
American,1558,Morgan,Brenda,J,"1650 Church Street",11219,BrendaJMorgan@fleckens.hu,Dampacked1944,718-431-2842,164,62.5,10/6/1944,"Great Western",118-40-8804
American,1559,Sample,Bonnie,H,"1427 Creekside Lane",93001,BonnieHSample@gustr.com,Exork1983,805-653-7509,155,90.0,1/23/1983,"Monk Home Improvements",615-13-4992
American,1560,Jobe,Lonnie,D,"1698 Locust Court",90670,LonnieDJobe@dayrep.com,Skillart93,562-407-4790,189,74.3,12/22/1993,"Big Bear Stores",547-64-3459
American,1561,Borkholder,Jeffery,L,"3491 Arthur Avenue",60151,JefferyLBorkholder@dayrep.com,Whabre,815-827-5491,187,111.1,2/19/1981,"Sew-Fro Fabrics",359-16-2456
American,1562,Debose,Rickie,M,"1239 Rosewood Lane",10033,RickieMDebose@superrito.com,Antum1982,212-927-1362,186,89.2,8/19/1982,"Joshua Doore",080-20-6862
American,1563,Johnson,Malka,T,"2677 Johnny Lane",53202,MalkaTJohnson@gustr.com,Theige33,414-270-7802,158,90.8,10/24/1933,"Asian Plan",396-42-7154
American,1564,Forney,Sammie,A,"2159 Rhapsody Street",32650,SammieAForney@einrot.com,Ushe1996,352-341-5778,170,98.3,9/19/1996,"Music Plus",261-98-2151
American,1565,Wilson,Diana,J,"2334 Long Street",32601,DianaJWilson@gustr.com,Shor1976,352-273-2189,160,93.5,4/15/1976,Netaid,262-28-1554
American,1566,Anderton,Willie,J,"1845 Watson Lane",78828,WillieJAnderton@gustr.com,Pight1969,830-234-4696,167,113.9,4/29/1969,"On Cue",466-39-8052
American,1567,Houle,Frances,R,"4554 Glendale Avenue",91204,FrancesRHoule@teleworm.us,Andayseen58,818-695-5922,168,79.4,12/19/1958,"Jackhammer Technologies",551-72-0624
American,1568,Porter,Joseph,J,"2279 Grim Avenue",92103,JosephJPorter@einrot.com,Theend,619-804-7850,165,91.9,8/26/1942,"Penn Fruit",607-94-4378
American,1569,Hogg,Willie,P,"251 Bagwell Avenue",34471,WilliePHogg@rhyta.com,Sumpeormses81,352-613-4749,167,85.8,2/23/1981,"Zany Brainy",262-82-2162
American,1570,Crump,Elizabeth,G,"4840 Arbor Court",82190,ElizabethGCrump@fleckens.hu,Shollstrown,307-344-6286,163,72.9,8/21/1971,"Cuppy's Coffee",520-09-2752
American,1571,Landwehr,Sheila,D,"1259 Cityview Drive",19103,SheilaDLandwehr@superrito.com,Tifficust79,610-546-7020,158,95.3,7/14/1979,Martin's,186-78-3971
American,1572,Gibbons,Amber,J,"4789 Conference Center Way",18419,AmberJGibbons@gustr.com,Nessittere,570-945-2204,171,62.7,12/19/1972,"National Shirt Shop",188-05-2848
American,1573,Brogan,Jason,J,"1980 Yorkie Lane",31406,JasonJBrogan@jourrapide.com,Thentin,912-920-6355,177,96.8,8/12/1970,"Netstars Matrix Design",668-03-8242
American,1574,Ray,Doris,P,"3694 Five Points",21201,DorisPRay@jourrapide.com,Nother72,443-218-5912,154,88.9,7/20/1972,"Big Bear Stores",216-69-7067
American,1575,Johnson,Barbara,J,"2189 Coleman Avenue",92025,BarbaraJJohnson@einrot.com,Lifeare,760-747-6616,170,80.8,9/13/1937,"Jacob Reed and Sons",553-18-7609
American,1576,Marcotte,Daryl,C,"904 Todds Lane",78204,DarylCMarcotte@einrot.com,Dinvis,210-457-3839,171,71.8,8/14/1964,"Sound Warehouse",637-72-9224
American,1577,Keith,Anne,M,"4233 Sampson Street",80202,AnneMKeith@cuvox.de,Thasins,303-592-8221,157,78.1,2/12/1989,"Endicott Shoes",652-14-6047
American,1578,Cutler,Charles,G,"59 Rosewood Lane",90017,CharlesGCutler@fleckens.hu,Antence89,213-205-4546,168,83.8,1/20/1989,"Service Merchandise",615-01-7236
American,1579,Johnson,Alicia,M,"116 Giraffe Hill Drive",75067,AliciaMJohnson@jourrapide.com,Babong,972-316-9905,159,89.3,4/23/1974,"Eagle Food Centers",459-46-3531
American,1580,Amann,Yvonne,C,"4986 Twin Willow Lane",28401,YvonneCAmann@jourrapide.com,Salls1933,910-444-4724,158,55.7,10/29/1933,"Polk Brothers",686-05-9916
American,1581,Wylie,Howard,D,"1628 Platinum Drive",16022,HowardDWylie@armyspy.com,Butimis,724-753-4671,168,82.1,7/12/1990,TheBottomHalf,188-42-4562
American,1582,Cunningham,Bernadette,F,"2863 Stanley Avenue",11743,BernadetteFCunningham@gustr.com,Frooke,516-449-6420,158,94.3,5/15/1938,"Alpha Beta",064-92-5247
American,1583,Ramos,Clyde,M,"2589 Holt Street",33410,ClydeMRamos@fleckens.hu,Sation85,561-273-5694,172,69.7,1/29/1985,Stratabiz,593-39-8905
American,1584,Winter,Chad,R,"2540 Straford Park",42544,ChadRWinter@cuvox.de,Contly,606-636-8168,175,80.5,8/11/1990,"National Tea",402-80-2099
American,1585,Ricco,Teresa,M,"2798 Layman Court",30071,TeresaMRicco@einrot.com,Frogivers,678-286-2126,160,74.1,7/25/1935,"Stop and Shop",257-52-3911
American,1586,Salter,Keith,C,"3999 Marshall Street",21229,KeithCSalter@cuvox.de,Palin1983,410-646-6285,188,94.3,8/3/1983,"Rustler Steak House",212-18-1138
American,1587,Griffeth,Renee,B,"3439 Kildeer Drive",23185,ReneeBGriffeth@teleworm.us,Difewore47,757-258-5719,156,65.2,11/18/1947,Adaptaz,696-01-8831
American,1588,Becnel,Timothy,A,"893 Wakefield Street",19020,TimothyABecnel@armyspy.com,Lifeatchas,215-401-1143,169,92.4,10/25/1939,Macroserve,208-74-6078
American,1589,Deboer,Travis,B,"4173 Holly Street",30606,TravisBDeboer@superrito.com,Onfor1936,706-224-8049,176,68.1,11/13/1936,"Oranges Records & Tapes",255-57-1945
American,1590,Mays,Stephen,L,"79 Laurel Lane",79756,StephenLMays@einrot.com,Fricasecland65,432-295-8937,187,114.7,7/13/1965,"Manu Connection",636-50-9165
American,1591,Dobbins,John,R,"1160 Dark Hollow Road",53576,JohnRDobbins@gustr.com,Whounis,608-879-9219,188,68.2,2/27/1972,"Red Baron Electronics",393-54-3404
American,1592,Robinson,Joshua,M,"749 Highland Drive",54235,JoshuaMRobinson@rhyta.com,Beficed1951,920-743-8204,183,94.6,7/18/1951,"Team Electronics",387-09-4983
American,1593,Paulino,Linda,L,"2548 Ingram Road",27406,LindaLPaulino@dayrep.com,Succall,336-613-9620,161,100.0,9/30/1979,Anthony's,240-04-4930
American,1594,Hillman,Melvin,L,"4892 Birch Street",46250,MelvinLHillman@armyspy.com,Simet1958,317-849-0418,173,74.3,12/31/1958,"Destiny Realty",317-24-2452
American,1595,Ballard,Helen,M,"120 Elliot Avenue",98070,HelenMBallard@superrito.com,Heaked,206-567-0496,151,102.1,6/19/1941,"Sears Homelife",537-16-1283
American,1596,Nagao,William,L,"2735 Walt Nuzum Farm Road",14608,WilliamLNagao@cuvox.de,Ebothe,585-366-8746,178,75.7,10/13/1977,"Mars Music",112-92-9922
American,1597,Lay,Delbert,D,"4184 Pinnickinnick Street",08701,DelbertDLay@rhyta.com,Piere1982,732-886-2039,181,70.9,9/26/1982,"Griff's Hamburgers",146-90-2534
American,1598,Moore,Rodolfo,M,"1278 Woodlawn Drive",53151,RodolfoMMoore@fleckens.hu,Thics1993,414-745-2054,173,105.2,7/17/1993,"Paul Harris",390-34-7019
American,1599,Miller,William,C,"2651 Wilkinson Street",37209,WilliamCMiller@jourrapide.com,Saidee,615-428-3329,169,99.6,3/15/1974,"Belle Lady",412-86-7134
American,1600,Mendez,Dolores,T,"1084 Sharon Lane",46544,DoloresTMendez@teleworm.us,Hichich,574-274-4476,167,68.9,10/16/1939,"Cut Rite Lawn Care",307-66-8112
American,1601,Caban,Lindsey,T,"1622 Tenmile Road",01867,LindseyTCaban@armyspy.com,Hemen1967,781-764-1712,163,91.6,10/5/1967,"Golden Joy",016-38-4412
American,1602,Payne,Carol,D,"1657 Upland Avenue",43463,CarolDPayne@cuvox.de,Takiney1995,419-837-9020,174,82.2,7/27/1995,"Food Fair",284-62-3844
American,1603,Bollinger,Kellie,R,"3970 Poe Lane",66215,KellieRBollinger@dayrep.com,Pubsont,913-588-8949,164,99.7,12/18/1940,"Wise Solutions",509-46-7999
American,1604,Wright,Charles,R,"3673 Goldcliff Circle",20036,CharlesRWright@armyspy.com,Cionachis,202-597-9152,178,78.6,8/11/1958,Witmark,578-48-2945
American,1605,Brown,Duane,L,"3491 Euclid Avenue",91362,DuaneLBrown@armyspy.com,Dentrejecome,805-313-8010,170,91.1,8/31/1983,"Sew-Fro Fabrics",551-49-5302
American,1606,Houchens,Charles,H,"2821 Briercliff Road",10011,CharlesHHouchens@einrot.com,Seseely,718-619-8008,172,83.2,11/17/1974,"Irving's Sporting Goods",130-12-7571
American,1607,Franks,Charles,M,"105 Austin Avenue",31533,CharlesMFranks@jourrapide.com,Havern,912-260-5783,173,65.9,7/29/1982,"Bonanza Produce Stores",253-27-3283
American,1608,Burchett,Kimberly,C,"2803 Cliffside Drive",13202,KimberlyCBurchett@cuvox.de,Anconst,607-375-4212,163,59.6,3/12/1959,"Edge Garden Services",115-56-4743
American,1609,Mason,Carlos,C,"999 Still Street",45879,CarlosCMason@einrot.com,Cands1950,419-670-2937,176,77.7,10/29/1950,"Karl's Shoes",269-05-5658
American,1610,Sellers,Susan,G,"2718 Florence Street",75496,SusanGSellers@superrito.com,Thavingthers,903-496-3840,168,80.5,6/30/1981,"Handy Dan",452-02-0568
American,1611,Nair,Paul,J,"3748 Blackwell Street",99654,PaulJNair@einrot.com,Fech1939,907-352-3124,167,76.3,4/27/1939,Heslop's,574-42-3009
American,1612,Frazier,Mike,J,"1870 Philli Lane",74011,MikeJFrazier@cuvox.de,Pallarcups,918-455-7252,183,104.7,11/1/1953,Patterson-Fletcher,440-92-5685
American,1613,Hodges,Kevin,S,"4613 Berkshire Circle",37909,KevinSHodges@fleckens.hu,Thalle,865-742-5883,188,77.4,7/5/1990,"Muscle Factory",414-52-0949
American,1614,Williams,Jasmine,L,"2532 Hornor Avenue",74003,JasmineLWilliams@rhyta.com,Anceek,918-338-6398,158,104.5,2/7/1965,Patterson-Fletcher,448-07-2511
American,1615,Robinson,Ross,J,"3974 Pennsylvania Avenue",08840,RossJRobinson@armyspy.com,Ferseelle1939,732-321-5582,169,81.7,3/30/1939,"Solution Answers",141-09-6427
American,1616,Johnston,Alexander,M,"302 Cecil Street",60154,AlexanderMJohnston@cuvox.de,Thathrove,312-272-4973,188,91.4,8/29/1971,"Rustler Steak House",358-56-3972
American,1617,Forsythe,Brendan,G,"2615 Lena Lane",39211,BrendanGForsythe@armyspy.com,Forriong1998,601-519-1421,177,66.7,3/25/1998,"Record Town",426-53-6586
American,1618,Devito,Nicholas,V,"277 Maple Avenue",83350,NicholasVDevito@armyspy.com,Manout1998,208-931-7219,187,85.5,12/3/1998,"Afforda Merchant Services",518-03-4540
American,1619,Quesinberry,Calvin,M,"2390 Oak Ridge Drive",63736,CalvinMQuesinberry@gustr.com,Ader1934,573-545-9112,183,73.8,4/30/1934,"The Warner Brothers Store",498-06-8390
American,1620,Lafleur,Nancy,C,"4895 Lauren Drive",53521,NancyCLafleur@jourrapide.com,Oppervis,608-455-3457,161,97.2,6/3/1989,"Big A Auto Parts",397-66-5563
American,1621,Toussaint,Robert,B,"3705 Blair Court",64093,RobertBToussaint@dayrep.com,Rhatemet,660-422-0573,184,77.9,3/3/1955,"Advansed Teksyztems",495-18-0006
American,1622,Bradshaw,Sharon,J,"1353 Hampton Meadows",01852,SharonJBradshaw@teleworm.us,Marted,978-323-4935,168,93.1,11/14/1980,Sampson's,026-72-8274
American,1623,Bracken,David,P,"803 Duke Lane",07102,DavidPBracken@superrito.com,Ounpat,732-753-1552,171,88.2,5/10/1998,Naturohair,150-24-1414
American,1624,Ward,Richard,M,"2374 Renwick Drive",18109,RichardMWard@armyspy.com,Comand65,484-283-4920,170,110.8,5/20/1965,"Asian Plan",164-60-0348
American,1625,Hawkins,Robert,R,"3461 Hillside Drive",70503,RobertRHawkins@fleckens.hu,Goety1974,337-989-2605,183,77.7,1/16/1974,"Strength Gurus",439-45-5578
American,1626,Allen,George,A,"4609 Sugar Camp Road",56097,GeorgeAAllen@superrito.com,Oushavinge,507-553-8854,180,95.8,9/23/1986,"Jewel Mart",470-94-9548
American,1627,Ready,Sheila,T,"3056 West Side Avenue",07047,SheilaTReady@teleworm.us,Thaturne,201-295-5265,162,88.9,5/29/1950,"Value Giant",141-72-9655
American,1628,Tolbert,Vickie,R,"4447 Fort Street",27889,VickieRTolbert@einrot.com,Spoem1974,252-975-4094,163,72.0,1/16/1974,Loblaws,243-33-0009
American,1629,Lynch,Edna,J,"1564 Hickory Ridge Drive",89109,EdnaJLynch@fleckens.hu,Kitime,702-770-9814,162,86.8,4/27/1997,"Dick Fischers",530-72-3453
American,1630,Smedley,Ted,A,"358 Oliver Street",75204,TedASmedley@gustr.com,Blocared67,817-304-1159,187,73.9,6/20/1967,"W. Bell & Co.",639-64-7770
American,1631,Bachand,Julia,L,"4368 Wexford Way",30902,JuliaLBachand@teleworm.us,Withersent,803-341-6827,169,95.1,10/13/1950,"Weenie Beenie",657-09-3528
American,1632,Hatch,Lucas,S,"1630 Indiana Avenue",96813,LucasSHatch@teleworm.us,Holifect,808-588-8958,175,69.8,2/24/1964,"Strategic Profit",750-05-3233
American,1633,Nance,Ruby,L,"531 White River Way",84651,RubyLNance@jourrapide.com,Thaing66,801-465-3994,165,104.9,7/11/1966,FlowerTime,529-83-4680
American,1634,Stockton,Catherine,J,"2933 Stratford Court",27601,CatherineJStockton@armyspy.com,Huselp,919-748-5338,170,64.5,10/15/1995,"Flagg Bros. Shoes",686-07-8369
American,1635,Bassham,Juan,B,"1592 Earnhardt Drive",40507,JuanBBassham@gustr.com,Gazincomed,502-805-7711,165,96.2,11/7/1998,"Plunkett Home Furnishings",404-62-8498
American,1636,Faulkner,Darryl,J,"3342 Abia Martin Drive",11714,DarrylJFaulkner@rhyta.com,Antionne,631-504-2974,179,84.0,2/13/1960,"Home Quarters Warehouse",114-32-3430
American,1637,Dillard,Kelly,J,"2510 Cottonwood Lane",37203,KellyJDillard@superrito.com,Adioncy72,615-991-6218,160,59.3,10/8/1972,"Your Future Is Now",414-09-2279
American,1638,Petit,Grace,R,"4874 Conaway Street",47201,GraceRPetit@superrito.com,Haing1966,812-371-7471,153,61.1,10/21/1966,"Giant Open Air",314-21-1537
American,1639,Roberson,Maria,T,"1135 Pritchard Court",55904,MariaTRoberson@gustr.com,Sturaccou,507-421-0907,167,61.8,9/24/1986,"Rogersound Labs",475-31-6836
American,1640,Keenan,Keith,I,"2991 Oliverio Drive",67047,KeithIKeenan@jourrapide.com,Lawas1970,620-658-4826,184,103.7,1/18/1970,Luskin's,510-54-4835
American,1641,Sepe,Terrell,D,"1386 West Virginia Avenue",12207,TerrellDSepe@fleckens.hu,Gody1983,518-836-6687,169,97.7,5/14/1983,StopGrey,108-14-4500
American,1642,Samuels,Miranda,M,"4543 Bagwell Avenue",34601,MirandaMSamuels@dayrep.com,Thessom,352-797-7425,154,99.9,6/22/1958,"William Wanamaker & Sons",772-14-9890
American,1643,Rines,Troy,L,"4252 B Street",55104,TroyLRines@teleworm.us,Scess1952,651-642-3469,176,92.7,10/10/1952,"Best Biz Survis",474-80-0040
American,1644,Clark,Larry,A,"1931 Timberbrook Lane",80631,LarryAClark@gustr.com,Onehou,970-346-2270,175,106.8,12/22/1967,"Omni Superstore",524-79-0001
American,1645,Chess,John,M,"398 Jerome Avenue",78501,JohnMChess@cuvox.de,Nevency,956-353-1152,168,72.6,12/19/1949,"Bountiful Harvest Health Food Store",466-42-1474
American,1646,Brewer,Jeffrey,D,"439 Maxwell Farm Road",96001,JeffreyDBrewer@teleworm.us,Whint1964,530-921-4787,174,109.9,4/20/1964,"Lafayette Radio",615-40-6050
American,1647,Paz,Nicholas,J,"4343 Windy Ridge Road",46750,NicholasJPaz@dayrep.com,Doill1949,260-519-9125,181,76.7,3/15/1949,"Custom Lawn Care",310-60-2751
American,1648,Rush,Bethany,D,"2262 Jett Lane",91766,BethanyDRush@rhyta.com,Loned1962,310-747-0904,160,71.2,6/7/1962,"Reliable Investments",549-14-2999
American,1649,Martin,Deborah,M,"1830 Everette Alley",33351,DeborahMMartin@fleckens.hu,Agantiched44,954-741-4285,153,88.7,5/21/1944,"Payless Cashways",592-57-6056
American,1650,Calhoun,Chris,E,"1073 Twin Willow Lane",28401,ChrisECalhoun@rhyta.com,Squitive,910-444-1238,187,75.6,5/11/1979,"Source Club",244-13-7015
American,1651,Chaney,Angela,P,"4071 Village View Drive",33901,AngelaPChaney@dayrep.com,Morts1964,239-970-3288,159,53.2,8/26/1964,"Cala Foods",266-64-5690
American,1652,Burnett,Timothy,K,"3883 Franklee Lane",19107,TimothyKBurnett@dayrep.com,Witakes70,484-555-7837,178,66.2,2/8/1970,"China Coast",174-56-1592
American,1653,Garcia,Christopher,B,"4895 Derek Drive",44308,ChristopherBGarcia@dayrep.com,Littinstres,330-361-3959,173,108.0,9/12/1975,"Formula Grey",300-64-1764
American,1654,Schmidt,Thelma,A,"675 Horseshoe Lane",19103,ThelmaASchmidt@gustr.com,Adelthe,484-454-2764,161,83.3,1/13/1978,"Atlas Architectural Designs",209-38-5616
American,1655,Atkins,Joseph,M,"3436 Sheila Lane",89501,JosephMAtkins@fleckens.hu,Cass1977,775-551-8758,189,90.4,12/6/1977,"Food Giant",530-13-2460
American,1656,Garcia,Andrew,A,"3866 Collins Avenue",43110,AndrewAGarcia@superrito.com,Hisherring,614-835-4919,166,99.9,11/18/1949,"Al's Auto Parts",292-05-7681
American,1657,Bratcher,Carlos,M,"4664 Elmwood Avenue",85205,CarlosMBratcher@einrot.com,Spip1951,480-830-8764,166,108.3,8/30/1951,"Lawnscape Garden Maintenance",527-40-7441
American,1658,Arnold,Brian,A,"3992 Hoffman Avenue",10016,BrianAArnold@armyspy.com,Rolong,917-874-0569,171,88.6,2/4/1986,"Quality Event Planner",066-18-0603
American,1659,Turner,Georgia,T,"1329 Worley Avenue",24540,GeorgiaTTurner@teleworm.us,Woreavelesor,434-548-4022,154,70.2,11/8/1962,"Dick Fischers",224-78-7677
American,1660,Baron,Robert,K,"3586 Clement Street",30030,RobertKBaron@armyspy.com,Delf1963,404-444-4744,169,83.1,2/22/1963,Angel's,673-22-8637
American,1661,McIntyre,Abby,N,"1189 Wexford Way",29842,AbbyNMcIntyre@rhyta.com,Scrims,803-302-7844,160,71.4,1/23/1954,"Odyssey Records & Tapes",248-28-8905
American,1662,Hathaway,Ruth,R,"1972 Stone Lane",19462,RuthRHathaway@jourrapide.com,Dering,610-389-3359,170,84.7,3/26/1957,Lazysize,187-52-7098
American,1663,Biggs,James,E,"4411 Fairfield Road",53140,JamesEBiggs@dayrep.com,Antene,262-597-1515,180,101.1,5/8/1956,"You Are Successful",394-98-3243
American,1664,Ferrell,Angela,C,"397 Davis Place",43602,AngelaCFerrell@jourrapide.com,Ound1956,419-202-5858,159,74.5,1/27/1956,"Pantry Food Stores",268-66-0814
American,1665,Heyward,Richard,A,"217 Paul Wayne Haggerty Road",70065,RichardAHeyward@armyspy.com,Armorthavins,504-461-7011,185,90.9,1/29/2000,"Builders Square",434-18-2497
American,1666,Sontag,Bill,L,"3988 Camel Back Road",74145,BillLSontag@teleworm.us,Gandiziesed,918-663-7016,173,81.2,6/11/1971,"Magna Gases",443-66-0578
American,1667,Wright,Dan,E,"3717 Stanton Hollow Road",01730,DanEWright@einrot.com,Andured,781-474-2048,168,112.9,3/16/1966,Strawberries,030-10-4415
American,1668,Lovejoy,John,B,"192 Fantages Way",04769,JohnBLovejoy@dayrep.com,Surily,207-768-2860,182,73.5,11/16/1961,"Chase Pitkin",007-54-0986
American,1669,Scott,James,C,"4989 Cook Hill Road",06511,JamesCScott@jourrapide.com,Grele1945,203-547-4371,164,76.9,9/4/1945,Quickbiz,045-38-8677
American,1670,Toupin,Johnnie,H,"984 Harley Brook Lane",15522,JohnnieHToupin@dayrep.com,Thersellse,814-624-4998,179,61.6,12/10/1997,"Avant Garde Interior Designs",171-52-4346
American,1671,Brown,Cherryl,L,"3560 North Avenue",68022,CherrylLBrown@cuvox.de,Cood1957,402-779-0955,155,89.5,5/13/1957,"Frank's Nursery & Crafts",507-45-6760
American,1672,Church,Bertram,J,"4426 Bond Street",02887,BertramJChurch@einrot.com,Surempe,401-736-9156,172,102.9,12/8/1938,"Pro-Care Garden Maintenance",036-14-0012
American,1673,Martinez,Debra,R,"2183 Oral Lake Road",55401,DebraRMartinez@dayrep.com,Bipturprou,952-412-3378,168,64.6,10/27/1976,"Office Warehouse",469-35-1815
American,1674,Morris,Roy,M,"787 Wescam Court",89451,RoyMMorris@cuvox.de,Ficket,775-831-6102,179,80.7,3/7/1942,"KB Toys",530-57-7434
American,1675,Lawrence,Laura,L,"4289 Park Street",94612,LauraLLawrence@jourrapide.com,Thavies,925-395-3571,160,59.3,5/11/1977,"Las Vegas Yard Management",571-17-9983
American,1676,Lane,Samuel,C,"3378 Hinkle Deegan Lake Road",14850,SamuelCLane@jourrapide.com,Grainknot60,607-269-8199,172,75.6,1/13/1960,"Dave Cooks",063-24-3925
American,1677,Evans,Jerry,J,"3090 Hershell Hollow Road",98055,JerryJEvans@jourrapide.com,Sliphe48,425-234-9883,181,109.9,8/26/1948,"Standard Food",536-28-0731
American,1678,Lacasse,Kim,W,"423 Circle Drive",77056,KimWLacasse@teleworm.us,Hamelf38,832-586-8097,162,92.8,10/5/1938,"John Plain",454-35-0520
American,1679,Sievert,Phyllis,C,"1015 Hayhurst Lane",48075,PhyllisCSievert@einrot.com,Havour95,248-769-3622,173,59.1,3/6/1995,"MVP Sports",380-60-5393
American,1680,Rosenblum,Michael,B,"3946 Cambridge Court",72764,MichaelBRosenblum@einrot.com,Noby1957,479-872-1730,177,102.4,8/24/1957,"Farrell's Ice Cream Parlour",431-58-7577
American,1681,Wynn,Marjorie,A,"4286 Brookview Drive",95113,MarjorieAWynn@dayrep.com,Butmayselche,408-998-1441,173,81.7,6/7/1962,"Zephyr Investments",562-96-9093
American,1682,Cravens,Elizabeth,D,"1569 Sycamore Road",97701,ElizabethDCravens@dayrep.com,Auged1938,541-382-6234,155,60.7,3/20/1938,"Fradkin Brothers Furniture",544-12-6814
American,1683,Thompson,Earl,B,"1459 Dog Hill Lane",66941,EarlBThompson@gustr.com,Witest,785-725-6392,188,86.2,5/10/1987,Roberd's,510-64-6497
American,1684,Holman,Howard,A,"3064 Elm Drive",10013,HowardAHolman@superrito.com,Balairat1948,646-436-6496,169,107.6,5/8/1948,"Bennett Brothers",133-16-7277
American,1685,Schuh,Antonio,M,"1910 Duff Avenue",05667,AntonioMSchuh@einrot.com,Honval1945,802-456-9141,176,75.6,4/9/1945,Purity,008-22-7076
American,1686,Hochstetler,Larry,E,"3705 Timber Ridge Road",95814,LarryEHochstetler@dayrep.com,Whinkent,916-815-2713,186,86.2,8/5/1983,"Skaggs-Alpha Beta",550-71-4334
American,1687,Amato,Natasha,B,"979 Briarhill Lane",44308,NatashaBAmato@einrot.com,Geou1982,330-252-4874,164,95.8,6/3/1982,"Pak and Save",285-20-4138
American,1688,Garcia,Allan,B,"3716 Blackwell Street",99654,AllanBGarcia@einrot.com,Olesest,907-352-5987,184,75.8,10/13/1947,"Borders Books",574-24-7323
American,1689,Portis,Tresa,M,"1375 Reel Avenue",88201,TresaMPortis@cuvox.de,Socidered1944,505-347-6393,154,82.5,6/17/1944,"Flagg Bros. Shoes",525-60-7190
American,1690,Patrick,John,A,"600 Poe Road",29501,JohnAPatrick@einrot.com,Pousent,843-206-8112,184,111.7,2/8/1956,"Cal Stereo",656-01-9811
American,1691,Guthrie,Marshall,G,"1927 Cooks Mine Road",87106,MarshallGGuthrie@dayrep.com,Shookeplise1976,505-693-4862,185,108.7,8/18/1976,Harold's,648-40-5051
American,1692,Allen,Brenda,D,"694 Cherry Camp Road",60631,BrendaDAllen@rhyta.com,Yarstions,773-467-1920,151,101.0,6/5/1941,"Weenie Beenie",360-10-6222
American,1693,Alfonso,Irma,F,"568 Bingamon Branch Road",60173,IrmaFAlfonso@armyspy.com,Resend,847-220-1206,156,69.0,5/10/1945,"Williams Bros.",353-98-2924
American,1694,Gore,Eric,C,"856 Hannah Street",28801,EricCGore@rhyta.com,Inateptind,828-335-0913,179,108.7,9/8/1969,"Builders Emporium",690-07-1654
American,1695,Martin,Anne,J,"775 Platinum Drive",15044,AnneJMartin@fleckens.hu,Padmings,724-809-9634,162,65.2,7/11/1936,Monlinks,184-54-2510
American,1696,Acker,David,A,"1972 Wayside Lane",94107,DavidAAcker@gustr.com,Himently,510-283-1232,186,65.7,7/9/1975,Netobill,625-49-2336
American,1697,Mendoza,James,A,"4449 Sunburst Drive",33912,JamesAMendoza@einrot.com,Righ1992,239-410-9606,185,105.6,3/21/1992,"Pioneer Chicken",767-01-4288
American,1698,Herrera,George,L,"4018 Crummit Lane",68007,GeorgeLHerrera@teleworm.us,Joughty,402-238-1933,170,67.3,5/30/1962,"Kids Mart",506-34-0188
American,1699,Merrill,Pedro,D,"259 Benson Street",54481,PedroDMerrill@cuvox.de,Aken1988,715-298-5267,190,89.1,12/15/1988,"Trak Auto",398-13-9324
American,1700,Mitchem,David,J,"2146 Francis Mine",95945,DavidJMitchem@dayrep.com,Suchim,530-269-9537,181,96.1,8/11/1947,"Pay'N Takeit",569-92-7401
American,1701,Massey,Nancy,J,"1539 Pleasant Hill Road",92664,NancyJMassey@rhyta.com,Forrong,562-208-8091,158,106.6,11/3/1939,"Universal Design Partners",612-24-4043
American,1702,Hamilton,Marcus,A,"3480 Douglas Dairy Road",24382,MarcusAHamilton@superrito.com,Thervis,276-620-9905,172,105.4,1/4/1953,"Thom McAn Store",227-32-5939
American,1703,Rivera,David,D,"4887 Derek Drive",43920,DavidDRivera@teleworm.us,Hisevout1973,330-385-2939,182,69.4,11/30/1973,"Rose Records",301-12-2558
American,1704,Carpenter,Raymond,C,"1856 Cliffside Drive",13815,RaymondCCarpenter@gustr.com,Whiry1993,607-337-3358,184,69.9,2/13/1993,"ABCO Foods",110-34-5703
American,1705,Anderson,Hilton,R,"3146 Rosewood Court",55060,HiltonRAnderson@einrot.com,Varom1966,507-310-0220,187,106.4,2/11/1966,"Sports Town USA",471-40-6510
American,1706,Atkinson,Fernando,J,"580 Kelly Street",28204,FernandoJAtkinson@dayrep.com,Wittleasto,704-927-8440,172,80.6,6/12/1968,"Strength Gurus",689-05-5161
American,1707,Henry,Mary,R,"2118 Jones Street",75201,MaryRHenry@teleworm.us,Youreaver,817-509-6015,159,66.9,5/4/1939,"Custom Sound",463-48-7085
American,1708,Blumberg,Edward,H,"2817 Hornor Avenue",74120,EdwardHBlumberg@jourrapide.com,Hicivy,918-340-2906,178,101.0,12/30/1965,"Kohl's Food Stores",442-52-3409
American,1709,Wilder,Wanda,R,"1949 Crosswind Drive",42431,WandaRWilder@superrito.com,Hearay,270-821-6211,169,71.5,9/3/1942,"Disc Jockey",402-98-8876
American,1710,Brown,Sherman,K,"1627 Red Bud Lane",07608,ShermanKBrown@fleckens.hu,Pree1934,862-959-6509,168,74.6,6/16/1934,"Future Bright",151-06-0245
American,1711,Jones,Mack,M,"1087 Poplar Lane",33169,MackMJones@einrot.com,Menst1964,305-497-6368,166,84.1,6/3/1964,"National Tea",771-26-0596
American,1712,Raffaele,Dorothy,J,"2775 Pinnickinick Street",98501,DorothyJRaffaele@fleckens.hu,Thandenown,360-725-1416,174,100.3,6/28/1975,"Boys Markets",535-06-4913
American,1713,Hopkins,Loren,S,"1149 Liberty Avenue",90017,LorenSHopkins@jourrapide.com,Cated1960,714-475-6559,172,111.6,6/22/1960,MagnaSolution,609-51-7517
American,1714,Rodriguez,Garret,J,"4993 Jarvisville Road",48933,GarretJRodriguez@einrot.com,Wastroull,517-202-9795,187,84.1,12/30/1979,"J. Brannam",384-03-8375
American,1715,Miller,Floyd,P,"2754 Lincoln Street",08008,FloydPMiller@fleckens.hu,Phrudging,609-492-4014,170,96.2,4/30/1977,"The Record Shops at TSS",141-06-7829
American,1716,Miller,Angel,C,"4389 Freed Drive",95252,AngelCMiller@teleworm.us,Causbableche,209-772-2648,180,80.8,7/28/1975,Witmark,622-12-7636
American,1717,Bloomberg,Jose,R,"4747 Elliott Street",03103,JoseRBloomberg@einrot.com,Ired1995,603-556-3672,170,78.2,6/15/1995,"Dream Home Improvements",003-03-9007
American,1718,McNair,Bette,R,"3250 Alpaca Way",92680,BetteRMcNair@cuvox.de,Pubjessity,714-734-7300,169,84.3,5/4/1967,Ulbrich's,620-64-5548
American,1719,Mulloy,Cheryl,J,"1728 Angie Drive",90017,CherylJMulloy@jourrapide.com,Turnintionce,714-941-3140,157,61.1,6/10/1994,"Dun Rite Lawn Care",562-26-2265
American,1720,Russell,Tyler,E,"3269 Lynn Avenue",54401,TylerERussell@rhyta.com,Deasind,715-573-4745,190,76.5,2/18/1988,"Allied City Stores",398-94-5784
American,1721,Fortney,Deborah,A,"4436 Barrington Court",72210,DeborahAFortney@teleworm.us,Hisabought,870-504-1115,156,82.5,6/9/1999,"Ruehl No. 925",431-67-2254
American,1722,Burkhart,Birdie,J,"1576 Fairfield Road",53140,BirdieJBurkhart@gustr.com,Aromese,262-705-9474,162,102.1,7/14/1983,"Paul's Record Hut",388-15-6184
American,1723,Lancaster,Joseph,O,"4020 Sunset Drive",72211,JosephOLancaster@cuvox.de,Actem1933,870-703-9575,168,83.1,6/15/1933,Gamble-Skogmo,430-41-7510
American,1724,Bailey,John,L,"4004 Smith Road",30247,JohnLBailey@gustr.com,Bach1953,770-925-5378,180,109.3,1/23/1953,"Audio Visions",667-18-0074
American,1725,Weiss,Ramon,C,"1417 Vine Street",60176,RamonCWeiss@cuvox.de,Saund1940,847-671-1457,178,76.2,6/28/1940,"Superior Interior Design",318-54-0022
American,1726,Henderson,Michelle,J,"766 Pearl Street",95659,MichelleJHenderson@armyspy.com,Whamess,916-348-8756,157,98.7,6/4/1966,Burstein-Applebee,551-96-2879
American,1727,Webb,James,V,"2526 Still Pastures Drive",29210,JamesVWebb@rhyta.com,Glin1950,803-429-6017,175,92.6,7/30/1950,"Nutri G",658-07-9185
American,1728,Baxter,Peter,C,"1398 Glendale Avenue",91301,PeterCBaxter@cuvox.de,Heeut1949,818-707-5680,175,73.1,12/1/1949,Netaid,563-33-9786
American,1729,Baker,Jesse,G,"2724 Richards Avenue",95204,JesseGBaker@fleckens.hu,Exclor,209-800-7878,181,91.4,3/2/1933,"John Plain",561-33-2970
American,1730,Browning,Steven,K,"3915 Sunny Day Drive",90071,StevenKBrowning@cuvox.de,Gagin1936,714-851-0746,182,62.2,8/23/1936,Handyman,552-05-2773
American,1731,Palmer,Hubert,J,"932 Perine Street",22193,HubertJPalmer@gustr.com,Theye1990,703-730-0957,169,87.7,2/22/1990,"Herman's World of Sporting Goods",693-01-4233
American,1732,Woody,Verona,C,"1497 Eagle Drive",48133,VeronaCWoody@dayrep.com,Eassom77,734-848-2858,160,96.0,1/9/1977,"Music Boutique",369-38-8397
American,1733,Robinson,Cathleen,E,"1560 Bastin Drive",19107,CathleenERobinson@jourrapide.com,Tooduked1982,484-707-7480,175,91.3,1/9/1982,"Herman's World of Sporting Goods",173-03-9808
American,1734,Hall,Ray,J,"2882 Yorkshire Circle",27801,RayJHall@jourrapide.com,Preempory,252-343-2464,168,102.8,7/20/1986,Acuserv,243-63-9217
American,1735,Brady,Bernie,D,"2922 Walnut Street",39327,BernieDBrady@teleworm.us,Fromeannown,601-635-6906,163,58.2,6/11/1978,"Ideal Garden Management",428-92-0516
American,1736,Roberts,Leonard,L,"157 Longview Avenue",11373,LeonardLRoberts@fleckens.hu,Lacquit,718-565-7964,182,73.0,10/24/1993,"Great American Music",119-03-3535
American,1737,Cohen,Jo,D,"219 Hannah Street",28801,JoDCohen@superrito.com,Forproing95,828-398-4385,159,63.2,3/20/1995,"Steak and Ale",239-91-1173
American,1738,Robson,Sergio,J,"1090 Tenmile",23452,SergioJRobson@teleworm.us,Thents,757-942-9823,168,98.0,7/26/1955,"Rolling Thunder",226-36-8552
American,1739,Bridges,Kathy,B,"3142 Ferry Street",35771,KathyBBridges@dayrep.com,Manthaten,256-672-2580,154,93.4,7/22/1935,Nedick's,421-52-7499
American,1740,Cameron,Morris,R,"1129 Whitetail Lane",75234,MorrisRCameron@gustr.com,Petiany,469-363-1229,176,60.6,3/26/1993,"Dreamscape Garden Care",463-77-1218
American,1741,Wray,Jeanne,C,"4912 Small Street",10022,JeanneCWray@gustr.com,Hypt1954,212-836-3454,158,84.4,12/18/1954,"The Flying Hippo ",080-05-5344
American,1742,Ennis,Ben,S,"1157 Hillview Street",29033,BenSEnnis@teleworm.us,Whats1947,803-791-0827,172,67.8,6/3/1947,Luria's,250-35-3897
American,1743,Tennant,Daisy,D,"2933 Pinnickinnick Street",07102,DaisyDTennant@jourrapide.com,Beepastry,732-838-7035,169,80.6,10/12/1982,"Foot Quarters",149-22-9172
American,1744,Myers,John,E,"1988 Burwell Heights Road",77591,JohnEMyers@jourrapide.com,Behall,409-683-1155,184,86.6,7/1/1995,"Federated Group",636-20-4786
American,1745,Martin,Harris,J,"4706 Meadowcrest Lane",40769,HarrisJMartin@einrot.com,Forideare,606-549-3071,174,66.4,3/7/1968,"The Flying Bear",403-66-9681
American,1746,Stuart,Philip,K,"4234 Beech Street",94588,PhilipKStuart@fleckens.hu,Oatep1996,925-734-2082,173,95.8,1/19/1996,"Zany Brainy",626-80-6662
American,1747,Levitt,Merilyn,H,"3508 Water Street",94606,MerilynHLevitt@einrot.com,Thourbsixot,925-263-3949,165,99.1,4/22/1969,"Reliable Guidance",570-55-8943
American,1748,Hurley,Petra,F,"2548 Sumner Street",90017,PetraFHurley@rhyta.com,Bettim,310-627-5318,167,91.9,12/20/1983,"Morrison's Cafeteria",573-17-5140
American,1749,Alvarez,Carrie,D,"783 Grant Street",75783,CarrieDAlvarez@superrito.com,Engstiong,903-857-9476,167,87.5,9/25/1997,"Rainbow Bay Crafts",644-94-5417
American,1750,Bell,Walter,L,"1935 Thunder Road",94107,WalterLBell@gustr.com,Vesect,650-466-6676,178,62.1,7/16/1989,"Landskip Yard Service",552-77-3397
American,1751,Roman,Joseph,J,"1985 Selah Way",05403,JosephJRoman@superrito.com,Harks1994,802-656-8671,170,74.4,3/19/1994,"Hughes & Hatcher",009-84-3178
American,1752,Aponte,Kelly,R,"3508 Davis Place",65804,KellyRAponte@jourrapide.com,Johasked,417-988-7080,160,71.4,4/2/1972,"National Auto Parts",493-32-1219
American,1753,Bingaman,Carl,D,"1140 Pin Oak Drive",90017,CarlDBingaman@teleworm.us,Glikeels,562-918-7623,187,106.0,2/11/1971,"Father & Son",606-26-2406
American,1754,Sinclair,Charles,R,"431 Lochmere Lane",06103,CharlesRSinclair@cuvox.de,Hadval,860-421-0013,188,83.2,5/26/1970,"ABC Markets",047-80-9020
American,1755,Perry,Harold,M,"676 Clement Street",30303,HaroldMPerry@gustr.com,Thail1997,404-487-3312,178,108.3,3/27/1997,"K's Merchandise",671-20-1364
American,1756,Montgomery,Keith,D,"3106 Simpson Square",73647,KeithDMontgomery@fleckens.hu,Pritioneatch,580-592-5277,174,105.3,1/9/1972,Sandy's,443-72-1707
American,1757,Haubrich,Kathleen,J,"3515 Benson Park Drive",73102,KathleenJHaubrich@rhyta.com,Letionance40,405-406-3555,151,64.0,12/22/1940,"Waccamaw's Homeplace",446-52-7971
American,1758,Bush,Elizabeth,M,"4655 John Calvin Drive",60126,ElizabethMBush@fleckens.hu,Creformen,708-932-5411,158,53.5,9/4/1974,"Robinson Furniture",332-62-1947
American,1759,Webb,Timmy,S,"3939 Jehovah Drive",24019,TimmySWebb@armyspy.com,Catine,540-520-7001,182,77.3,11/12/1962,"Monk House Maker",696-03-1194
American,1760,Musgrove,Peggy,T,"1465 Dogwood Lane",85701,PeggyTMusgrove@armyspy.com,Privent,520-590-1251,165,103.8,4/30/1977,Rink's,765-12-0202
American,1761,Reed,Ailene,R,"768 Deans Lane",10994,AileneRReed@fleckens.hu,Rusequithe,914-907-7975,164,62.6,2/10/1952,Ardan's,088-64-2491
American,1762,Allen,Robert,D,"4825 Sweetwood Drive",80220,RobertDAllen@superrito.com,Theand,303-372-2625,174,87.9,6/14/1996,"Spaceage Stereo",653-10-5649
American,1763,Moreno,Joanna,D,"684 Ferry Street",36201,JoannaDMoreno@jourrapide.com,Borpes,256-741-2064,171,79.9,11/28/1995,"Enrich Garden Services",423-32-7857
American,1764,Mercado,Roberto,I,"4048 Linda Street",19403,RobertoIMercado@teleworm.us,Therenchat,267-736-0499,182,100.6,5/9/1950,"Integra Wealth",167-54-3820
American,1765,Martino,Victoria,D,"4813 Goosetown Drive",28704,VictoriaDMartino@armyspy.com,Lifecyll,828-650-7341,159,96.7,1/16/1948,"Holly Tree Inn",690-01-2667
American,1766,Tapper,Connie,D,"1266 Valley Street",08691,ConnieDTapper@cuvox.de,Aved1959,856-788-0907,170,88.3,8/11/1959,"Happy Family",137-38-0547
American,1767,Yates,Frances,J,"2441 Nutter Street",64110,FrancesJYates@einrot.com,Hadlady,816-276-3151,161,70.2,10/31/1957,"Laura Ashley",495-96-3094
American,1768,Stith,Daniel,M,"4454 Whiteman Street",08232,DanielMStith@fleckens.hu,Youslovis1948,609-839-8477,165,103.1,8/22/1948,"Bloom Brothers Furniture",142-15-9861
American,1769,Myles,Albert,E,"3110 Pearcy Avenue",46802,AlbertEMyles@gustr.com,Quarearce,260-755-4373,180,67.0,6/5/1937,"Lionel Playworld",313-72-1240
American,1770,Busse,Ron,T,"4086 Redbud Drive",10013,RonTBusse@superrito.com,Mods1991,347-837-3238,185,62.1,4/27/1991,"Record Town",053-68-8197
American,1771,Longwell,Robert,A,"3838 New York Avenue",92801,RobertALongwell@rhyta.com,Thessaft,818-230-3013,176,100.9,9/18/1952,"Baltimore Markets",567-19-5261
American,1772,Blank,Phoebe,G,"4512 Caynor Circle",07036,PhoebeGBlank@cuvox.de,Derestle,908-523-9563,170,67.8,6/3/1970,"Sholl's Colonial Cafeteria",138-60-7533
American,1773,George,Harlan,C,"4347 Hide A Way Road",95136,HarlanCGeorge@gustr.com,Stoody53,408-226-6662,170,67.1,5/31/1953,"Blue Boar Cafeterias",557-21-3776
American,1774,Staudt,Kia,R,"167 James Martin Circle",43215,KiaRStaudt@superrito.com,Magireer1948,614-344-0172,168,60.9,10/14/1948,"Kohl's Food Stores",283-05-4116
American,1775,Carter,Martha,D,"2570 Deans Lane",10011,MarthaDCarter@teleworm.us,Eareeter,914-886-4624,170,69.8,1/11/2000,"Schaak Electronics",089-72-6423
American,1776,Clark,Krystle,M,"4412 Bingamon Road",44125,KrystleMClark@dayrep.com,Colm1972,440-539-1051,157,61.9,6/11/1972,"Envirotecture Design",300-96-2156
American,1777,Cage,Howard,T,"3324 Oak Street",13667,HowardTCage@superrito.com,Gair1957,315-384-6533,168,94.3,8/28/1957,"Freedom Map",126-48-8395
American,1778,Pope,Stacey,L,"4720 Hillview Drive",95113,StaceyLPope@gustr.com,Froat1994,707-243-3548,174,78.8,2/18/1994,"Sky High Financial Advice",622-44-6504
American,1779,Martin,Minnie,J,"2848 Mapleview Drive",34669,MinnieJMartin@dayrep.com,Stoing,727-861-5674,171,59.6,7/23/1969,"Canal Villere",265-85-8392
American,1780,Williams,Loren,N,"1089 Sussex Court",76710,LorenNWilliams@dayrep.com,Sapping,254-398-1927,176,84.5,9/22/1983,"Pak and Save",459-32-5434
American,1781,Barrow,Sarah,M,"3484 Fire Access Road",28621,SarahMBarrow@fleckens.hu,Carapposs,336-902-7817,154,57.0,6/7/1990,"Rossi Auto Parts",690-09-1201
American,1782,Normand,Donnie,A,"4693 Mudlick Road",98902,DonnieANormand@cuvox.de,Mortich93,509-573-8475,173,91.5,8/10/1993,"Muscle Factory",536-40-2945
American,1783,Bonilla,Johnie,M,"2189 Clifford Street",94107,JohnieMBonilla@cuvox.de,Hatimenin,510-662-9857,176,78.3,7/21/1951,Grodins,611-70-3521
American,1784,Wolken,Ann,K,"559 Hudson Street",07662,AnnKWolken@dayrep.com,Imme1996,973-949-1531,162,93.3,4/15/1996,"John M. Smyth's Homemakers",148-32-1072
American,1785,Otey,Nickolas,M,"1711 Kennedy Court",02081,NickolasMOtey@superrito.com,Wifecter,774-292-1844,171,112.8,2/15/1985,"World Radio",012-24-1732
American,1786,Coffman,John,C,"4960 Lodgeville Road",55415,JohnCCoffman@teleworm.us,Litemat,612-248-3779,183,74.7,9/5/1977,"Wholesale Club, Inc.",468-58-0024
American,1787,Jennings,Timmy,R,"2724 Broadway Avenue",37403,TimmyRJennings@fleckens.hu,Ruital,423-799-9489,167,68.9,6/17/1934,"Tower Records",410-86-2172
American,1788,Wright,James,K,"3991 Metz Lane",02129,JamesKWright@teleworm.us,Yesithisces47,857-255-3929,167,103.6,7/22/1947,"Parklane Hosiery",014-28-5230
American,1789,Clark,Ruth,W,"4844 Melm Street",02893,RuthWClark@rhyta.com,Fifixt,401-284-9362,166,86.1,3/6/1986,"The Spotted Cougar",036-40-9495
American,1790,Schulman,Matthew,C,"971 Hinkle Deegan Lake Road",13901,MatthewCSchulman@teleworm.us,Larnersour1987,607-249-5354,189,65.8,6/6/1987,"Tape World",055-74-5912
American,1791,Harrison,Raymond,C,"1779 Cunningham Court",48328,RaymondCHarrison@cuvox.de,Awyear1973,248-681-2140,175,71.4,8/27/1973,"Locost Accessories",384-92-1269
American,1792,Irwin,Tamara,P,"2686 Bates Brothers Road",43201,TamaraPIrwin@jourrapide.com,Fento1946,614-294-9420,165,60.2,4/12/1946,"Schucks Auto Supply",297-82-4970
American,1793,Perez,Carolyn,J,"2939 Barrington Court",72370,CarolynJPerez@armyspy.com,Alludy1960,870-563-8570,169,72.6,1/5/1960,"Warehouse Club, Inc.",431-28-0740
American,1794,Ruggles,Donna,J,"1628 Cambridge Place",21084,DonnaJRuggles@teleworm.us,Surplify,410-557-0962,154,76.7,12/8/1994,"Hughes & Hatcher",219-36-1566
American,1795,Shields,Ralph,B,"4553 Bell Street",10019,RalphBShields@rhyta.com,Wartind,212-262-9642,184,59.1,11/30/1996,Brendle's,074-32-4698
American,1796,Wilson,Jason,S,"4772 Grim Avenue",92111,JasonSWilson@jourrapide.com,Seaudgive,619-672-6038,179,93.9,6/6/1972,"Thom McAn Store",611-96-6585
American,1797,Saladino,Daniel,M,"4530 Burnside Court",85004,DanielMSaladino@armyspy.com,Bese1999,602-424-1320,172,73.4,1/14/1999,"Friendly Interior Design",601-62-9245
American,1798,Mickelsen,Nancy,M,"1003 Medical Center Drive",34234,NancyMMickelsen@gustr.com,Momenten1975,941-358-8793,166,54.2,10/30/1975,"Noodle Kidoodle",771-07-5792
American,1799,Moore,Pedro,B,"2315 Anmoore Road",11201,PedroBMoore@dayrep.com,Notin1960,718-802-1343,167,101.1,1/16/1960,"Bennett Brothers",077-20-5827
American,1800,Camp,Erika,J,"3136 Boggess Street",75207,ErikaJCamp@cuvox.de,Youghoss,940-239-7679,154,57.5,3/14/1948,Titania,465-53-9164
American,1801,Johnson,Jenine,R,"4882 Walnut Street",39402,JenineRJohnson@jourrapide.com,Lowead,601-580-9906,174,70.2,12/23/1993,"John Plain",428-24-0508
American,1802,Carson,Catherine,M,"4884 Lightning Point Drive",38117,CatherineMCarson@jourrapide.com,Antionce,901-537-2774,162,62.2,5/17/1934,"Weenie Beenie",762-01-6985
American,1803,Munoz,Pete,J,"1071 Bryan Avenue",55415,PeteJMunoz@gustr.com,Haled1940,651-318-0954,179,66.8,1/10/1940,"Thrift Auto Parts",472-46-5017
American,1804,Abbott,Christopher,L,"4863 Apple Lane",61570,ChristopherLAbbott@dayrep.com,Whilent,309-248-0179,176,70.1,8/5/1998,"House of Gas",340-60-5694
American,1805,King,Nina,D,"4472 West Fork Street",59601,NinaDKing@einrot.com,Frookonsi45,406-465-0107,160,70.0,7/11/1945,Lum's,516-02-4856
American,1806,Russell,Louie,N,"1702 Pickens Way",75501,LouieNRussell@einrot.com,Drabland1991,903-351-1072,168,108.3,9/14/1991,"Carrols Restaurant Group",637-82-6343
American,1807,Jeffords,Melissa,C,"900 Station Street",94612,MelissaCJeffords@jourrapide.com,Kinglens,510-893-8777,168,68.7,9/19/1949,"Advansed Teksyztems",568-49-4570
American,1808,Wilsey,Trevor,A,"4265 Fittro Street",72315,TrevorAWilsey@rhyta.com,Eaccon,870-362-8814,190,100.7,12/2/1991,"G.I. Joe's",429-96-8435
American,1809,Johnson,Bobby,K,"3659 Bassel Street",70301,BobbyKJohnson@jourrapide.com,Annectruld,985-449-8865,167,101.5,9/21/1981,"Montana's Cookhouse",660-09-4844
American,1810,Englert,Rebecca,F,"4667 Rinehart Road",33301,RebeccaFEnglert@rhyta.com,Lanned,786-347-7402,165,73.5,9/17/1991,"Sky High Financial Advice",771-40-6008
American,1811,Cozart,Freddy,P,"1135 Seltice Way",83814,FreddyPCozart@dayrep.com,Murs1985,208-714-6696,180,84.7,11/26/1985,"Piece Goods Fabric",519-38-2940
American,1812,Jacobson,Ron,A,"219 Commerce Boulevard",68033,RonAJacobson@teleworm.us,Ardesclarm63,402-623-1692,173,73.9,12/16/1963,"Crazy Eddie",506-54-7354
American,1813,Campas,Marjorie,E,"4812 Elsie Drive",57237,MarjorieECampas@cuvox.de,Opeas1955,605-272-3825,165,95.6,9/15/1955,"Manu Connection",504-15-6336
American,1814,Coots,Karl,D,"2692 Oakdale Avenue",33825,KarlDCoots@gustr.com,Owery1990,863-446-8882,174,90.5,12/28/1990,"Red Owl",772-38-4548
American,1815,Henson,Russell,K,"820 Briarhill Lane",44663,RussellKHenson@cuvox.de,Givered,330-308-0710,175,90.9,5/19/1973,"Kenny Rogers Roasters",302-06-5188
American,1816,Mooneyhan,Dora,A,"3213 Freedom Lane",95202,DoraAMooneyhan@teleworm.us,Losting,209-460-8708,162,51.3,7/2/1946,Alexander's,613-50-1722
American,1817,Metzler,June,R,"2403 Rhode Island Avenue",20200,JuneRMetzler@rhyta.com,Soutructench96,202-374-9151,173,49.2,12/14/1996,"Skaggs-Alpha Beta",579-11-2012
American,1818,Johnson,Joe,O,"2721 Haul Road",94066,JoeOJohnson@einrot.com,Wervelf1990,650-952-9968,176,82.2,9/29/1990,"Twin Food Stores",626-54-2386
American,1819,Sanders,Frank,P,"1977 Stratford Court",27612,FrankPSanders@einrot.com,Therewo,919-785-9517,188,90.8,10/23/1982,"Plunkett Home Furnishings",684-07-0421
American,1820,Clemmer,Gary,L,"4874 Sussex Court",76706,GaryLClemmer@armyspy.com,Thoppity,254-424-5802,173,66.8,2/1/1960,"Woolf Brothers",464-59-9079
American,1821,Cheney,Aline,J,"3334 Terra Street",98572,AlineJCheney@cuvox.de,Forde1950,360-291-7629,161,85.0,9/6/1950,"Alladin's Lamp",537-58-6400
American,1822,Eaves,Brian,M,"4478 Broadway Avenue",37403,BrianMEaves@armyspy.com,Youblive,423-838-2182,168,95.1,9/11/1973,"Cut Above",758-01-4820
American,1823,Barker,Robert,M,"2462 Willow Oaks Lane",70501,RobertMBarker@einrot.com,Hoppled,337-381-7849,172,100.7,5/8/1970,"Hughes Markets",662-05-7950
American,1824,Roldan,John,O,"2589 Travis Street",33452,JohnORoldan@cuvox.de,Eliablive,772-878-5547,162,75.8,11/3/1934,"Integra Wealth Planners",592-89-7158
American,1825,Syverson,Connie,R,"1744 Hide A Way Road",95113,ConnieRSyverson@teleworm.us,Yethe1953,408-275-8919,161,84.6,11/1/1953,"Champion Auto",602-30-4406
American,1826,Moten,Jack,H,"2099 Lilac Lane",31401,JackHMoten@dayrep.com,Edworgens,912-443-6609,180,71.6,5/22/1994,Peaches,252-56-6343
American,1827,Quintana,Patrick,K,"3606 Woodridge Lane",38118,PatrickKQuintana@dayrep.com,Hertithat,901-375-2451,178,75.0,7/17/1984,"Franklin Music",761-01-5922
American,1828,Chavez,Carl,A,"4229 Hedge Street",07662,CarlAChavez@fleckens.hu,Antemed,908-612-9610,167,85.1,8/27/1935,Stratabiz,144-32-0008
American,1829,Palermo,Bridget,T,"2478 Pineview Drive",56093,BridgetTPalermo@teleworm.us,Doess1992,507-833-6485,172,69.8,2/1/1992,Romp,472-84-1734
American,1830,Byrne,Thomas,E,"2452 Lamberts Branch Road",84058,ThomasEByrne@rhyta.com,Hareplity,801-221-6662,176,82.0,4/2/1999,Komerci,529-54-6593
American,1831,Myers,Thomas,A,"2837 Ripple Street",48858,ThomasAMyers@cuvox.de,Thimis,989-690-9358,173,109.8,7/30/1951,"10,000 Auto Parts",364-84-6565
American,1832,Velasquez,Alejandro,V,"3912 Olen Thomas Drive",76056,AlejandroVVelasquez@armyspy.com,Hielper,940-567-0983,181,101.2,11/18/1991,Almacs,628-62-0705
American,1833,Pryor,David,M,"971 Riverside Drive",30741,DavidMPryor@teleworm.us,Tolad1975,706-866-3850,188,109.1,9/7/1975,"Wilson's Jewelers",255-55-3855
American,1834,Dunton,Robert,A,"4058 Bailey Drive",52332,RobertADunton@teleworm.us,Cramem66,319-436-1133,175,114.6,10/6/1966,Furrow's,485-80-0518
American,1835,List,Pauline,A,"3344 Sardis Station",55405,PaulineAList@dayrep.com,Aper1978,612-374-8896,161,63.4,6/25/1978,"Cardinal Stores",473-09-1035
American,1836,Smith,June,D,"4513 Ash Street",75201,JuneDSmith@gustr.com,Criew1957,972-821-6072,167,57.8,1/27/1957,"System Star Solutions",637-12-3890
American,1837,Conde,Laura,D,"2252 Sunny Day Drive",92618,LauraDConde@einrot.com,Upood1993,714-823-1957,172,77.4,4/25/1993,"Gamma Gas",564-76-4236
American,1838,Stokes,Timothy,R,"4481 Lyndon Street",19382,TimothyRStokes@jourrapide.com,Forray,610-696-5988,171,83.3,3/25/1962,"Unity Stationers",167-50-3127
American,1839,Merrill,Pamela,C,"3269 Brookview Drive",77006,PamelaCMerrill@einrot.com,Grer1935,409-255-5554,161,68.3,3/15/1935,"Gold Touch",632-50-9105
American,1840,Vasquez,Terry,R,"2763 Gnatty Creek Road",10004,TerryRVasquez@armyspy.com,Himanxim,516-370-6586,165,70.6,9/3/1954,"One-Up Realtors",112-05-9414
American,1841,Hashimoto,Barry,R,"4542 Elm Drive",10013,BarryRHashimoto@rhyta.com,Ovive1989,646-508-1298,182,88.7,7/20/1989,FamilyMart,066-66-4255
American,1842,Smith,Anthony,D,"844 Musgrave Street",73102,AnthonyDSmith@superrito.com,Trus1995,405-254-9492,172,88.5,8/16/1995,Beatties,442-42-3638
American,1843,Mathis,Wilma,K,"1988 Bingamon Branch Road",10011,WilmaKMathis@cuvox.de,Thandsoll,845-915-6480,154,52.2,6/24/1993,"Highland Appliance",077-88-2434
American,1844,Jackson,Susan,B,"537 Ralph Drive",44114,SusanBJackson@einrot.com,Sughbod,440-295-9872,158,75.6,9/30/1988,"Quality Merchant Services",281-44-5206
American,1845,Peart,Trevor,J,"1206 Pratt Avenue",98292,TrevorJPeart@rhyta.com,Theirl,360-939-9039,181,72.0,8/27/1962,Anderson-Little,539-35-7902
American,1846,Ellis,Donald,M,"3198 Ritter Avenue",48302,DonaldMEllis@superrito.com,Eass1974,586-662-4224,175,67.6,4/1/1974,"Food Mart",375-29-9683
American,1847,April,Marc,G,"1509 Happy Hollow Road",28540,MarcGApril@jourrapide.com,Madisenly,910-560-4257,184,100.4,4/5/1959,"Ideal Garden Management",682-09-8306
American,1848,Dwight,Susan,M,"1540 Walnut Avenue",07102,SusanMDwight@einrot.com,Ressill,201-540-2182,162,53.4,4/16/1959,"Monk House Maker",145-44-4071
American,1849,Hudson,Amanda,R,"2142 Nixon Avenue",37814,AmandaRHudson@fleckens.hu,Wassints,423-268-2600,164,103.6,2/15/1941,"Standard Sales",408-50-0127
American,1850,Peer,Gary,M,"2488 Whiteman Street",08052,GaryMPeer@cuvox.de,Ciancel,609-947-1223,182,91.6,6/16/1938,"Vitamax Health Food Center",155-03-0750
American,1851,Randall,Leonard,K,"1941 Maloy Court",67417,LeonardKRandall@fleckens.hu,Cinceres,785-464-7695,183,111.9,4/5/1969,"Dun Rite Lawn Maintenance",514-34-6992
American,1852,Reed,Georgia,J,"3442 Cheshire Road",06515,GeorgiaJReed@armyspy.com,Thentereent1945,203-397-6223,159,97.0,7/28/1945,Practi-Plan,042-84-0238
American,1853,Heater,Sallie,R,"3877 Doctors Drive",90278,SallieRHeater@cuvox.de,Pursho,310-371-6845,164,61.8,7/4/1999,"Endicott Shoes",555-31-2247
American,1854,Wilson,Dallas,M,"4072 Burwell Heights Road",77553,DallasMWilson@rhyta.com,Morbigh,409-632-6601,170,96.8,8/8/1934,"Kohl's Food Stores",642-74-9370
American,1855,Williams,Mary,C,"2697 Daylene Drive",48075,MaryCWilliams@armyspy.com,Lartudied,734-553-4509,156,96.2,4/25/1955,"Bloom Brothers Furniture",363-02-4834
American,1856,Seamons,Antonio,L,"3016 Patterson Road",10011,AntonioLSeamons@superrito.com,Thencoarchey58,718-865-7848,175,63.6,6/23/1958,"Fisher Foods",096-68-7474
American,1857,Lynch,George,D,"1976 Raver Croft Drive",37404,GeorgeDLynch@dayrep.com,Cambactint,423-643-7673,178,110.7,11/16/1982,"DGS VolMAX",409-74-9667
American,1858,Coburn,Alvina,C,"3783 Young Road",83402,AlvinaCCoburn@superrito.com,Nicterims,208-526-9930,172,56.3,11/23/1994,"Wealth Zone Group",519-59-6720
American,1859,Strickland,Karen,R,"2624 Brooke Street",77020,KarenRStrickland@dayrep.com,Proodents,713-674-4006,161,104.5,6/18/1969,"Boston Sea Party",636-76-3842
American,1860,Ostrowski,Raul,V,"4957 Meadow Lane",94520,RaulVOstrowski@einrot.com,Tolopead,707-287-8419,176,94.0,10/12/1986,"Computer City",555-37-0557
American,1861,Proffitt,Noemi,M,"4377 Oak Drive",12885,NoemiMProffitt@einrot.com,Shiled,518-623-8999,166,66.2,1/12/1934,"Gov Mart",053-44-3600
American,1862,Carmona,Kevin,M,"3495 Whitman Court",06902,KevinMCarmona@armyspy.com,Twor1958,203-648-3800,183,69.9,10/4/1958,Konsili,044-20-4016
American,1863,Burris,Phyllis,R,"2454 Farnum Road",10011,PhyllisRBurris@einrot.com,Hishentimed,212-377-8017,159,73.4,8/8/1965,"KB Toys",077-26-3276
American,1864,Ohman,Emily,N,"1632 Smith Road",30067,EmilyNOhman@teleworm.us,Brob1984,770-916-5464,174,95.3,11/28/1984,"Friendly Advice",260-43-6673
American,1865,Chambers,Edward,V,"1882 Charack Road",47421,EdwardVChambers@gustr.com,Blaway,812-275-1824,178,106.5,12/23/1978,Perisolution,317-10-9891
American,1866,Saldana,Sharon,C,"3837 Star Trek Drive",32501,SharonCSaldana@einrot.com,Droasing92,850-406-6173,175,91.3,1/5/1992,"Sunflower Market",769-18-2070
American,1867,Forster,Edna,J,"550 Burwell Heights Road",77627,EdnaJForster@superrito.com,Pentand44,409-724-1126,160,87.8,1/6/1944,"The Great Train Stores",627-03-7219
American,1868,Thompson,Renee,G,"3390 Ashford Drive",22301,ReneeGThompson@armyspy.com,Otem1969,703-683-9888,159,67.7,5/4/1969,"Morrison's Cafeteria",227-37-7182
American,1869,Hauck,Dan,S,"2582 Hall Street",89101,DanSHauck@einrot.com,Pect1993,702-488-6462,187,107.5,5/26/1993,"Personal & Corporate Design",530-24-7246
American,1870,Hundley,Kenneth,S,"4818 Red Dog Road",28202,KennethSHundley@teleworm.us,Alievespecon1984,704-338-2169,181,104.5,3/6/1984,Heilig-Meyers,684-05-9673
American,1871,Watson,Sylvia,F,"1578 Dawson Drive",72212,SylviaFWatson@cuvox.de,Allit1995,501-993-2261,166,67.5,11/15/1995,"Carter's Foods",677-01-2450
American,1872,Weis,Lawrence,D,"1760 Sunburst Drive",33912,LawrenceDWeis@rhyta.com,Preen1993,239-471-5646,176,87.8,1/30/1993,"Crown Auto Parts",590-31-6143
American,1873,Dille,Lorraine,A,"2294 Center Avenue",93721,LorraineADille@rhyta.com,Maregme,559-476-2302,164,93.6,10/20/1955,"Harold Powell",606-42-0378
American,1874,Henley,Kelly,G,"115 Rowes Lane",42301,KellyGHenley@dayrep.com,Sagell,270-604-0265,174,62.4,5/10/1979,"Realty Depot",405-61-3307
American,1875,Walton,Marion,G,"588 Maud Street",19103,MarionGWalton@cuvox.de,Suldatime,302-635-6913,170,73.9,12/18/1990,"Mr. AG's",221-09-7952
American,1876,Johnson,Romaine,M,"908 Walkers Ridge Way",60457,RomaineMJohnson@teleworm.us,Dients,630-292-8700,157,98.5,9/22/1987,"Carter's Foods",342-66-3569
American,1877,Martin,Randall,H,"3723 Quilly Lane",43085,RandallHMartin@rhyta.com,Tooffer,614-589-9667,166,82.0,6/7/1936,CompuAdd,283-11-0782
American,1878,Brown,Deborah,P,"1961 Ross Street",62882,DeborahPBrown@dayrep.com,Bety1986,618-247-0898,167,77.1,3/7/1986,"Jackhammer Technologies",329-74-4586
American,1879,Lapierre,Lloyd,M,"4278 Luke Lane",73102,LloydMLapierre@teleworm.us,Depastakeely,580-210-5328,163,95.7,3/31/1940,"System Star",440-13-9228
American,1880,Lee,Blake,D,"1128 Dog Hill Lane",67601,BlakeDLee@teleworm.us,Holed1985,785-721-8023,176,71.0,10/21/1985,"Sports Unlimited",513-17-3685
American,1881,Alvarez,Zachary,A,"753 Cabell Avenue",22202,ZacharyAAlvarez@einrot.com,Thonegive,703-604-3598,179,77.1,10/1/1984,"Home Centers",231-01-4609
American,1882,Bryant,Elizabeth,D,"2931 Oakridge Lane",31082,ElizabethDBryant@einrot.com,Livat1959,478-240-0275,154,51.3,7/23/1959,"Simply Save",670-05-6697
American,1883,Galvin,Manuela,N,"1844 Angie Drive",92646,ManuelaNGalvin@teleworm.us,Bree1999,714-965-3297,175,60.6,2/18/1999,"Dun Rite Lawn Care",616-08-2238
American,1884,Christy,Karen,T,"3581 Eagles Nest Drive",96001,KarenTChristy@einrot.com,Gurn1968,530-646-0688,163,77.2,2/26/1968,"Great Western",546-11-6535
American,1885,Masters,Apryl,A,"1131 Jones Avenue",27104,AprylAMasters@cuvox.de,Prear1945,336-760-4697,153,76.2,11/30/1945,"Sofa Express",238-04-3167
American,1886,Prall,Amy,M,"4811 Railroad Street",49728,AmyMPrall@gustr.com,Hatishe,906-274-9106,158,51.5,5/11/1945,"Sunny Real Estate Investments",385-24-7615
American,1887,Ford,Kathryn,C,"4561 Pickens Way",75601,KathrynCFord@jourrapide.com,Alwass,903-330-0832,162,75.3,10/5/1938,"Highland Appliance",450-86-4965
American,1888,Kinney,Diane,A,"782 Nancy Street",27713,DianeAKinney@teleworm.us,Sakis1948,919-579-9871,155,59.6,5/24/1948,"Miller & Rhoads",683-03-2892
American,1889,Carlton,Beverly,R,"1465 Alexander Drive",75201,BeverlyRCarlton@jourrapide.com,Lanstritally,940-295-8733,152,81.8,12/17/1957,"Great American Music",630-82-2325
American,1890,Purington,Steven,M,"622 Pearcy Avenue",46804,StevenMPurington@gustr.com,Accund,260-705-7747,185,66.3,2/12/1951,"Wealth Zone Group",317-04-9625
American,1891,Caruso,Brandy,J,"2169 Liberty Street",75201,BrandyJCaruso@fleckens.hu,Crouniontim,214-871-3343,160,69.8,1/24/1945,"Lionel Kiddie City",627-24-7103
American,1892,Kowalski,Helen,P,"2989 Stark Hollow Road",81621,HelenPKowalski@einrot.com,Duren1995,970-927-2606,160,95.2,1/8/1995,"Two Pesos",652-28-0200
American,1893,Pearcy,Joshua,A,"2896 Stout Street",17557,JoshuaAPearcy@superrito.com,Delps1958,717-354-3498,173,85.2,2/12/1958,"Pantry Food Stores",199-46-6999
American,1894,Gottlieb,Richard,D,"4758 Long Street",32601,RichardDGottlieb@cuvox.de,Arcummen,352-273-4907,183,109.9,8/10/1973,"First Choice Garden Maintenance",262-20-0167
American,1895,Carreon,John,C,"2243 Apple Lane",68820,JohnCCarreon@superrito.com,Wharty,308-996-2710,182,85.8,1/4/1981,"The Flying Hippo ",507-16-1326
American,1896,Freeman,Donald,P,"252 Palmer Road",43215,DonaldPFreeman@gustr.com,Arabor,614-738-0864,166,81.3,11/6/1947,"Bugle Boy",286-42-6400
American,1897,Creed,Robert,K,"558 Woodhill Avenue",21601,RobertKCreed@dayrep.com,Sibiter,410-763-1086,172,93.6,11/23/1978,"Pro Star",212-13-9531
American,1898,Sherwin,Michael,V,"4998 Airplane Avenue",06492,MichaelVSherwin@cuvox.de,Voked1948,860-888-5365,185,108.9,7/27/1948,Nedick's,047-94-8552
American,1899,Johnson,Melvin,M,"1607 Cottrill Lane",63101,MelvinMJohnson@einrot.com,Veackell69,314-509-7713,177,113.8,1/13/1969,"Harold Powell",492-64-7257
American,1900,Taylor,Barbara,R,"2681 Scheuvront Drive",80216,BarbaraRTaylor@rhyta.com,Logetc,303-523-2332,163,91.3,4/7/1963,"Boys Markets",524-37-9873
American,1901,Clark,Dona,B,"63 Indiana Avenue",96816,DonaBClark@jourrapide.com,Dayfulgaid,808-734-8324,174,67.2,8/9/1997,"Suncoast Video",750-05-3356
American,1902,McCarter,Laura,B,"1080 Meadow Drive",59101,LauraBMcCarter@einrot.com,Hentwonce,406-237-0911,170,51.5,6/5/1940,"Mansmann's Department Store",516-06-4248
American,1903,Martin,Dean,L,"2334 Terry Lane",32751,DeanLMartin@jourrapide.com,Pretrusiona,321-329-2033,178,97.3,8/12/1981,"Balanced Fortune",590-56-8745
American,1904,Belle,Edwina,J,"150 Beeghley Street",75207,EdwinaJBelle@gustr.com,Camerwas,254-946-6109,154,87.1,12/21/1965,Handyman,630-28-7039
American,1905,Trevino,Mary,A,"1929 Church Street",11426,MaryATrevino@gustr.com,Loguich98,718-400-5562,161,88.2,7/18/1998,"Success Is Yours",090-05-7945
American,1906,Saunders,Mark,S,"3685 Mayo Street",40330,MarkSSaunders@superrito.com,Theirt,859-733-0048,168,61.5,2/7/1992,"The Independent Planners",406-50-8358
American,1907,Tibbetts,Jessie,E,"763 Bastin Drive",19108,JessieETibbetts@gustr.com,Fourgaver,484-730-5416,157,56.9,1/7/1973,d.e.m.o.,175-28-4383
American,1908,Limon,Alejandra,G,"4322 James Martin Circle",43085,AlejandraGLimon@dayrep.com,Cind1974,614-390-7377,173,98.5,5/29/1974,"Hugh M. Woods",302-52-1771
American,1909,Wyche,Barbara,P,"2824 Primrose Lane",54665,BarbaraPWyche@cuvox.de,Anden1963,608-637-8171,171,59.2,11/5/1963,"Zephyr Investments",394-06-7708
American,1910,Smith,Eunice,F,"535 Center Street",97367,EuniceFSmith@cuvox.de,Thaveling,541-994-6562,163,69.3,11/26/1941,"Sound Advice",542-96-5291
American,1911,Washington,Geraldine,W,"1425 Lonely Oak Drive",36502,GeraldineWWashington@fleckens.hu,Nessichaved,251-446-1982,155,64.7,8/3/1977,"Brooks Fashions",418-26-6665
American,1912,Enoch,Lindsay,O,"4005 Post Farm Road",30021,LindsayOEnoch@teleworm.us,Frood1955,404-299-7479,160,67.6,7/4/1955,"Corinthian Designs",668-18-9360
American,1913,Hatfield,David,L,"1465 Ocala Street",32811,DavidLHatfield@armyspy.com,Sardly,407-387-2275,186,67.4,2/14/1964,Stratagee,767-10-0610
American,1914,Grissom,Jonathan,S,"515 Duffy Street",46402,JonathanSGrissom@gustr.com,Wouslacept,219-781-8360,168,92.0,12/23/1965,"Holly Tree Inn",308-68-1942
American,1915,Copeland,Emily,K,"2803 Woodridge Lane",38115,EmilyKCopeland@cuvox.de,Gazated,901-271-8360,168,71.0,1/28/1974,"Pro Garden Management",415-10-0766
American,1916,Sanders,Patricia,C,"3900 Diamond Cove",02906,PatriciaCSanders@rhyta.com,Lowed1948,401-345-0148,163,92.5,11/16/1948,"Mission Realty",035-12-2552
American,1917,Slay,Michael,K,"593 Junkins Avenue",31630,MichaelKSlay@fleckens.hu,Howestrin,229-599-4262,163,83.6,7/17/1934,"Gold Medal",256-23-8186
American,1918,Lee,Casey,M,"349 Cherry Camp Road",60609,CaseyMLee@fleckens.hu,Equied,773-534-9822,190,101.0,4/19/1997,"Crown Auto Parts",358-12-7924
American,1919,Gossard,Betty,O,"2338 Skips Lane",85553,BettyOGossard@armyspy.com,Paligar,928-479-4902,174,95.6,3/1/1987,"Nickerson Farms",526-84-4033
American,1920,Cripps,Miguel,M,"1044 Austin Avenue",31401,MiguelMCripps@armyspy.com,Chor1947,912-374-6399,174,96.1,12/4/1947,"Circuit Design",259-90-6308
American,1921,Myers,Judith,R,"2692 Wolf Pen Road",95131,JudithRMyers@dayrep.com,Carmseepan,650-417-6378,167,56.0,12/28/1944,"Jitney Jungle",620-78-2477
American,1922,Gill,Lashawn,D,"711 Sigley Road",66607,LashawnDGill@rhyta.com,Howely,785-550-7121,154,51.3,3/31/1979,"Scotty's Builders Supply",512-76-9400
American,1923,Silva,Edna,F,"1394 Hillcrest Lane",92714,EdnaFSilva@fleckens.hu,Pereadesen1996,949-786-6233,158,55.0,1/29/1996,Adapt,560-01-8696
American,1924,Workman,Joseph,B,"4302 Ventura Drive",95062,JosephBWorkman@gustr.com,Duren1955,831-465-5256,171,82.7,7/24/1955,"Nan Duskin",568-95-7544
American,1925,Sowa,Larry,A,"26 Waterview Lane",88250,LarryASowa@cuvox.de,Obabounceept,505-484-7887,165,55.4,11/27/1998,"Parts America",525-43-0760
American,1926,Gamboa,Bobbie,R,"3961 Kemper Lane",84111,BobbieRGamboa@dayrep.com,Thersid,801-877-2007,169,77.5,3/20/1936,Excella,528-97-1168
American,1927,Graham,Eddie,S,"2400 Brighton Circle Road",56303,EddieSGraham@teleworm.us,Sorme1988,320-529-3127,186,95.8,1/11/1988,"Listen Up",474-37-3232
American,1928,Culver,Evelyn,S,"4459 Rosebud Avenue",72601,EvelynSCulver@fleckens.hu,Othrom1987,870-414-6854,164,66.6,11/8/1987,"EXPO Design Center",677-03-4172
American,1929,Couch,James,K,"1652 Bobcat Drive",20783,JamesKCouch@rhyta.com,Thimpiend,240-925-2230,183,93.3,3/26/1992,"Eagle Food Centers",213-94-3390
American,1930,Williams,Irma,C,"480 Union Street",98122,IrmaCWilliams@fleckens.hu,Uppoorning,206-726-8495,170,72.2,7/4/1977,"Tam's Stationers",534-78-8833
American,1931,Burgher,Nancy,R,"4900 Wayback Lane",11743,NancyRBurgher@fleckens.hu,Sessly79,631-327-1258,173,53.3,7/14/1979,Jafco,051-03-3194
American,1932,Lamb,Louis,M,"1644 Coleman Avenue",92262,LouisMLamb@gustr.com,Chic1946,760-808-8454,177,61.4,2/24/1946,"Vibrant Man",615-47-2046
American,1933,Tigner,Judith,L,"3984 Ferry Street",35901,JudithLTigner@einrot.com,Themplaboo,256-673-0540,154,70.9,11/14/1940,"Forest City",424-19-5060
American,1934,Green,Ruth,R,"2697 Godfrey Road",10004,RuthRGreen@teleworm.us,Exponal,212-530-4133,174,76.4,7/24/1967,Adray,059-68-7122
American,1935,Carter,Mary,D,"3800 Rhode Island Avenue",20024,MaryDCarter@jourrapide.com,Dipt1982,202-358-8773,167,79.4,7/1/1982,"Strategy Planner",579-05-7226
American,1936,Banks,Debra,R,"479 Pinchelone Street",23502,DebraRBanks@gustr.com,Goinkill,757-388-6592,169,56.4,8/10/1997,Afforda,697-03-7408
American,1937,Crane,Carl,D,"790 Catherine Drive",58254,CarlDCrane@armyspy.com,Frosigh46,701-322-9682,184,105.5,5/23/1946,Perisolution,502-58-9955
American,1938,Geddes,Robert,M,"707 Late Avenue",74842,RobertMGeddes@teleworm.us,Sapping52,580-777-9026,174,95.5,7/31/1952,Luskin's,442-04-2602
American,1939,Victor,Colin,J,"2133 Thunder Road",94612,ColinJVictor@cuvox.de,Sinince,650-523-8642,177,106.1,2/2/1975,Prospa-Pal,554-08-1381
American,1940,Troy,Lloyd,C,"1294 Lonely Oak Drive",36582,LloydCTroy@fleckens.hu,Expeat,251-443-9229,181,68.1,9/13/1982,Delchamps,421-76-2089
American,1941,Hug,Ronald,K,"3805 Haymond Rocks Road",97058,RonaldKHug@dayrep.com,Expe1961,541-506-0610,179,104.4,8/7/1961,"Dee's Drive-In",543-76-3415
American,1942,Stewart,Judy,J,"2919 Shingleton Road",49034,JudyJStewart@teleworm.us,Holdrested,269-441-8482,173,80.5,3/30/1993,"University Stereo",382-54-5310
American,1943,Scofield,Annie,O,"2076 Austin Avenue",31405,AnnieOScofield@einrot.com,Whigh1944,912-269-3701,155,83.6,1/7/1944,"Sports Unlimited",672-16-4235
American,1944,Thompson,Larry,E,"2893 Fairfield Road",53051,LarryEThompson@superrito.com,Buir1970,262-703-2900,175,92.5,1/2/1970,"Argus Tapes & Records",390-23-2342
American,1945,Harris,Darcy,T,"372 Parrish Avenue",78028,DarcyTHarris@armyspy.com,Slie1945,830-895-4831,154,97.3,9/24/1945,"Foot Quarters",466-70-0357
American,1946,Sparks,Douglas,A,"477 Margaret Street",77024,DouglasASparks@dayrep.com,Fromple,713-919-0100,181,80.1,1/10/1975,Muirhead's,633-98-3565
American,1947,Ellison,Edith,K,"1608 Columbia Mine Road",25314,EdithKEllison@gustr.com,Shudy1957,304-593-4238,172,91.9,12/2/1957,"Master Builder Design Services",232-37-1472
American,1948,Abel,Tamara,C,"2927 Benedum Drive",10920,TamaraCAbel@jourrapide.com,Beatim,845-267-6551,164,69.9,10/5/1979,"Gart Sports",064-14-1239
American,1949,Cantrell,Beatrice,C,"4110 Marion Street",29730,BeatriceCCantrell@rhyta.com,Phly1933,803-242-8972,155,87.8,4/16/1933,"Joseph Magnin",247-27-9922
American,1950,Sigler,Wynona,J,"2617 Wescam Court",02110,WynonaJSigler@einrot.com,Juticappithe,781-202-5826,165,54.2,10/7/1955,"System Star",025-14-7853
American,1951,Johnson,Eric,B,"2703 Nicholas Street",66608,EricBJohnson@fleckens.hu,Givat1938,785-232-1410,179,66.9,6/3/1938,Wetson's,512-03-5758
American,1952,Ramirez,Iris,M,"3463 Lowndes Hill Park Road",93308,IrisMRamirez@armyspy.com,Aily1985,661-393-6076,169,101.0,3/30/1985,"Hugh M. Woods",605-50-6455
American,1953,Bahr,Paul,D,"2439 Wilmar Farm Road",21701,PaulDBahr@rhyta.com,Witicher1993,240-288-5106,171,103.7,9/27/1993,"Official All Star Café",218-57-8657
American,1954,Alvarado,April,J,"4929 Science Center Drive",83814,AprilJAlvarado@dayrep.com,Whougavals50,208-640-6614,155,55.5,1/30/1950,"Star Merchant Services",518-21-2878
American,1955,Passmore,Adam,B,"1804 Adonais Way",30075,AdamBPassmore@fleckens.hu,Moseng,678-461-8746,183,93.4,9/15/1975,"Total Serve",256-02-9765
American,1956,Santiago,Jacob,R,"4597 Rockford Mountain Lane",27609,JacobRSantiago@fleckens.hu,Wainty,919-946-1471,170,70.7,4/25/1938,"Royal Gas",681-10-5417
American,1957,Capobianco,Luz,J,"4554 Jones Street",76071,LuzJCapobianco@fleckens.hu,Lamonegre,817-489-0233,169,62.1,8/9/1934,"Play Town",630-70-8180
American,1958,Moore,Wilhemina,D,"962 Washington Street",78476,WilheminaDMoore@einrot.com,Siteve,361-385-6614,156,78.9,3/25/1979,"Music Boutique",633-40-0941
American,1959,Richard,Jimmy,B,"2739 Hickory Heights Drive",21076,JimmyBRichard@armyspy.com,Wertiout,443-940-6703,170,68.0,11/24/1947,"Multi Tech Development",214-29-1913
American,1960,Holt,Margie,J,"230 Orphan Road",54303,MargieJHolt@rhyta.com,Fratagen,715-923-1373,161,90.7,8/18/1982,"Manning's Cafeterias",388-70-6327
American,1961,Davies,Olga,F,"4609 Haymond Rocks Road",97814,OlgaFDavies@fleckens.hu,Rild1997,541-519-9391,171,51.1,8/22/1997,"Peter Reeves",542-20-7018
American,1962,Miller,Ronald,L,"974 Red Bud Lane",07477,RonaldLMiller@jourrapide.com,Symbeentere,862-703-6397,163,71.0,1/5/1946,"Webcom Business Services",157-04-4605
American,1963,Deleon,Brian,J,"2669 Morningview Lane",50165,BrianJDeleon@teleworm.us,Dialin,641-897-2684,176,72.7,10/7/1959,ManCharm,485-70-2401
American,1964,Hubert,Katherine,K,"4628 Roane Avenue",20014,KatherineKHubert@fleckens.hu,Wifte1987,301-263-0318,164,73.3,11/26/1987,"Webcom Business Services",218-80-4907
American,1965,Fuller,Timothy,C,"4856 Jehovah Drive",22824,TimothyCFuller@rhyta.com,Equaidell,540-481-7737,172,65.9,4/14/1969,"Integra Investment Service",697-01-0770
American,1966,Arnold,Brandon,A,"2673 Davis Place",65746,BrandonAArnold@fleckens.hu,Squels,417-935-1407,178,65.9,5/1/1983,"Monk Home Loans",491-02-7161
American,1967,Roberson,Mary,R,"1651 Vine Street",60064,MaryRRoberson@dayrep.com,Couchisem,847-689-3913,162,98.3,1/13/1984,"Gas Legion",334-64-6921
American,1968,Farrior,Barney,S,"2190 White Oak Drive",64743,BarneySFarrior@gustr.com,Palwas,816-626-7509,189,83.0,3/20/1984,Fedco,497-32-0798
American,1969,Smith,Maria,L,"3133 Chardonnay Drive",98277,MariaLSmith@fleckens.hu,Agoo1987,360-240-1465,155,64.8,4/12/1987,"Sanitary Grocery Stores",531-30-3083
American,1970,Reyes,Mary,D,"3807 Windy Ridge Road",46737,MaryDReyes@rhyta.com,Alres1996,260-495-0355,159,97.8,12/15/1996,"Ruehl No. 925",306-01-7364
American,1971,Marshall,Darlene,M,"555 Sarah Drive",70501,DarleneMMarshall@jourrapide.com,Nowl1985,337-513-7229,167,62.3,7/19/1985,SoundTrack,659-09-2885
American,1972,Kell,Shannon,A,"3149 Capitol Avenue",47924,ShannonAKell@superrito.com,Theemence,765-589-6346,159,99.2,2/16/1985,"Techo Solutions",317-04-6513
American,1973,Farmer,Florida,T,"273 Evergreen Lane",90036,FloridaTFarmer@armyspy.com,Whater,323-634-5804,160,96.7,10/27/1968,"Pro Star Garden Management",568-92-1989
American,1974,Snyder,Blanche,C,"579 Southside Lane",90044,BlancheCSnyder@cuvox.de,Thern1999,323-753-5396,155,65.5,5/4/1999,"The Independent Planners",552-18-2814
American,1975,Taylor,Barry,K,"33 Bingamon Branch Road",60062,BarryKTaylor@einrot.com,Onessor,847-205-6225,164,78.3,8/1/1999,"Sanitary Grocery Stores",344-03-8859
American,1976,Jones,David,L,"1362 Joy Lane",90017,DavidLJones@dayrep.com,Hiseeston,818-491-6687,168,100.1,3/14/1990,"Colonial Stores",604-60-6295
American,1977,Branscum,Joseph,J,"788 Poe Road",29526,JosephJBranscum@einrot.com,Tores1985,843-254-1180,154,102.3,4/14/1985,Chatham,249-51-7936
American,1978,Gros,Paul,A,"2794 Myra Street",02903,PaulAGros@einrot.com,Aturneve,401-558-9943,180,91.3,5/14/1935,"Matrix Interior Design",039-22-0232
American,1979,Sae,Sean,C,"573 Hillcrest Avenue",02110,SeanCSae@fleckens.hu,Ovesibly,781-884-3692,177,85.5,10/31/1974,"Wealth Zone Group",024-14-3329
American,1980,Eley,Stephen,T,"1185 Public Works Drive",37814,StephenTEley@teleworm.us,Camortautley,423-317-5485,188,73.4,11/2/1979,"John Plain",411-12-6185
American,1981,Beal,Hugo,P,"2254 Christie Way",02035,HugoPBeal@rhyta.com,Riculd,978-769-5811,182,75.1,2/8/1953,"Video Concepts",023-22-7006
American,1982,Martin,Jim,L,"4871 Lunetta Street",33905,JimLMartin@gustr.com,Nectifems,941-268-0122,171,102.5,8/6/1971,"New World Realty",771-03-1120
American,1983,Glover,Ned,D,"1990 Southern Avenue",50322,NedDGlover@fleckens.hu,Norly1940,641-230-8207,180,100.1,8/22/1940,"CSK Auto",478-42-3578
American,1984,Perez,Vicky,M,"480 Clifford Street",94568,VickyMPerez@superrito.com,Therer1943,510-715-7185,167,86.3,3/15/1943,"Two Pesos",569-53-7700
American,1985,Wiley,Pauline,W,"4139 Irving Place",63011,PaulineWWiley@fleckens.hu,Hiscor,636-256-8892,169,50.3,5/30/1996,"Morrison's Cafeteria",489-58-0196
American,1986,Lawson,Ruth,T,"1982 Spring Avenue",19108,RuthTLawson@teleworm.us,Wherriented,267-608-2841,163,70.3,12/31/1949,"Megatronic Plus",175-14-7913
American,1987,Rich,Janet,J,"2026 Kooter Lane",28262,JanetJRich@rhyta.com,Onsationg1965,704-427-7564,171,55.6,5/22/1965,"Farmer Jack",687-03-3410
American,1988,New,Ellen,R,"2789 Taylor Street",10007,EllenRNew@armyspy.com,Mixtiffinuel,914-673-4177,151,84.4,10/17/1938,"Gart Sports",076-03-7470
American,1989,Johnson,Timothy,J,"3244 Saints Alley",33868,TimothyJJohnson@superrito.com,Thaddy,813-760-0130,185,93.6,6/23/1975,"Simply Appraisals",772-26-5739
American,1990,Garrido,Bruce,E,"4213 Ward Road",79922,BruceEGarrido@cuvox.de,Wittre,915-493-4100,174,70.7,12/19/1933,"Movie Gallery",463-46-4864
American,1991,Guillory,Mary,O,"633 Hemlock Lane",78501,MaryOGuillory@gustr.com,Rect1972,956-467-0401,172,74.0,10/30/1972,"Today's Man",458-31-9674
American,1992,Peck,Terry,C,"4684 Hurry Street",22401,TerryCPeck@einrot.com,Ofigaill34,540-287-7121,163,84.4,11/15/1934,"Harvest Foods",223-76-7485
American,1993,Esposito,Jose,J,"486 Catherine Drive",58318,JoseJEsposito@dayrep.com,Wers1981,701-228-8481,179,75.0,5/4/1981,"Wheels Discount Auto",501-30-2357
American,1994,Keller,Douglas,J,"484 Whitman Court",06902,DouglasJKeller@fleckens.hu,Liturmlime,203-648-5510,172,99.6,10/2/1960,"New World Realty",042-06-6848
American,1995,McBride,Aaron,M,"1615 Half and Half Drive",93664,AaronMMcBride@jourrapide.com,Whemove42,559-865-6590,183,102.0,9/27/1942,"Affinity Investment Group",557-88-2448
American,1996,Carson,Sophia,C,"928 Sardis Station",55415,SophiaCCarson@teleworm.us,Senis1952,612-366-4235,158,54.3,2/5/1952,"China Coast",472-25-9469
American,1997,Yoshioka,Marion,A,"3312 Radio Park Drive",31833,MarionAYoshioka@einrot.com,Ament1992,706-679-8472,168,103.1,2/17/1992,"ABC Markets",259-21-5092
American,1998,Cohen,Christopher,M,"4788 Commerce Boulevard",68456,ChristopherMCohen@dayrep.com,Witilty,402-534-0615,184,103.6,8/6/1976,"Strong Life",507-72-3198
American,1999,Moody,Betty,J,"686 Rockford Mountain Lane",54911,BettyJMoody@einrot.com,Laralson,920-257-7247,157,70.8,11/22/1950,"Rolling Thunder",387-01-6647
American,2000,Ellis,Timothy,S,"2633 Sunset Drive",71601,TimothySEllis@einrot.com,Smat1986,870-639-9879,186,105.1,1/16/1986,"Buck Alley Lumber",431-76-2834
American,2001,Dilbeck,Dorothy,W,"1090 Oak Ridge Drive",63101,DorothyWDilbeck@teleworm.us,Postrod1994,573-559-2182,155,71.1,8/20/1994,"Hughes & Hatcher",500-92-4415
American,2002,Watkins,Michael,J,"791 Beechwood Drive",21108,MichaelJWatkins@jourrapide.com,Tral1974,410-987-9322,188,102.2,6/10/1974,LaBelle's,220-07-5106
American,2003,Clay,Ray,D,"1166 Cottrill Lane",63130,RayDClay@dayrep.com,Fenly1959,314-512-7417,186,94.9,8/22/1959,Excella,494-68-6234
American,2004,Bullock,Helen,R,"1584 Poe Road",29585,HelenRBullock@rhyta.com,Reck1993,843-235-9882,160,85.5,1/28/1993,"Movie Gallery",249-43-8670
American,2005,Huges,Darlene,M,"4792 Froe Street",25301,DarleneMHuges@einrot.com,Whortiter,304-353-3731,170,57.6,6/6/1978,Loblaws,234-52-9077
American,2006,Horn,Carlene,J,"4281 Davis Street",37421,CarleneJHorn@jourrapide.com,Frus1942,706-406-2186,164,60.8,11/29/1942,"Casual Corner",671-28-7384
American,2007,Agnew,Samantha,G,"56 Poplar Chase Lane",83702,SamanthaGAgnew@dayrep.com,Explas,208-344-9184,158,92.8,9/17/1946,"Paul's Record Hut",518-23-6986
American,2008,Harkins,Walter,L,"77 Crestview Terrace",78205,WalterLHarkins@teleworm.us,Bouris,830-765-1083,177,106.3,10/20/1997,"Buttrey Food & Drug",643-76-4603
American,2009,Lasley,George,R,"1423 Chandler Hollow Road",15205,GeorgeRLasley@teleworm.us,Preal1967,412-418-1591,170,66.2,5/27/1967,Beatties,197-24-5862
American,2010,Turner,Patricia,A,"4723 Norman Street",90011,PatriciaATurner@gustr.com,Coord1942,323-235-2566,157,49.9,8/5/1942,"Xray Eye & Vision Clinics",573-55-1954
American,2011,Kim,Kim,V,"2704 Roosevelt Wilson Lane",91789,KimVKim@einrot.com,Sasts1938,909-839-1841,175,78.1,6/2/1938,"KG Menswear",565-47-7907
American,2012,James,Vicki,B,"3327 Marigold Lane",33134,VickiBJames@superrito.com,Seencent,305-476-9601,150,56.5,7/27/1942,Alexander's,267-37-4815
American,2013,Glass,Carmelo,V,"3426 Grant View Drive",53218,CarmeloVGlass@jourrapide.com,Agaithe,414-527-1507,171,67.5,9/2/1951,"Sofa Express",398-17-4055
American,2014,Swigert,Juan,B,"2843 River Road",81050,JuanBSwigert@gustr.com,Forby1933,719-468-0000,177,69.7,5/27/1933,"First Choice Yard Help",651-16-5341
American,2015,Powers,Marie,M,"745 Patterson Street",77063,MarieMPowers@jourrapide.com,Sherstrand1982,713-267-1680,162,101.4,8/9/1982,"Exact Realty",639-48-8339
American,2016,Arend,William,R,"1988 Biddie Lane",23219,WilliamRArend@einrot.com,Consor,804-509-4722,172,88.8,3/13/1974,"Mission You",695-03-4241
American,2017,Rice,Dean,J,"1184 Hickory Heights Drive",21202,DeanJRice@fleckens.hu,Blareech,443-954-7612,180,68.4,10/17/1955,"The Lawn Guru",218-52-3475
American,2018,Blount,Paul,G,"2580 Tator Patch Road",60606,PaulGBlount@dayrep.com,Lecrid,312-855-6595,177,87.0,1/3/1986,"Magik Grey",338-42-7667
American,2019,Hall,Juanita,J,"1994 Walkers Ridge Way",60148,JuanitaJHall@gustr.com,Theene,630-205-5828,153,96.5,10/3/1939,"Al's Auto Parts",356-48-1819
American,2020,Snow,Anne,M,"3807 Holly Street",30577,AnneMSnow@gustr.com,Sonalf,706-282-6785,156,76.1,9/23/1941,"John Plain",669-05-4348
American,2021,Riley,Ronald,M,"2901 Randall Drive",96732,RonaldMRiley@gustr.com,Tortere,808-873-6259,162,61.5,1/7/1934,"Gas Depot",751-05-9708
American,2022,Higgins,Michael,P,"23 Jadewood Farms",08901,MichaelPHiggins@gustr.com,Beret1947,973-330-2254,163,92.0,1/24/1947,"American Wholesale Club",144-70-8788
American,2023,Robinson,Hope,C,"3377 Green Gate Lane",21076,HopeCRobinson@rhyta.com,Fortubjew,443-790-2685,165,73.6,9/10/1949,"Childs Restaurants",218-18-7949
American,2024,Seeley,April,M,"572 Holt Street",33432,AprilMSeeley@cuvox.de,Hickis82,561-347-0628,162,73.3,7/17/1982,"Frank and Seder",767-24-1866
American,2025,Gonzalez,Ricardo,L,"2931 Thompson Street",90017,RicardoLGonzalez@cuvox.de,Hing1998,562-565-7952,179,66.0,6/16/1998,"Gene Walter's Marketplace",609-14-7575
American,2026,Ollis,Joseph,C,"2172 Happy Hollow Road",28202,JosephCOllis@einrot.com,Grequod1980,910-555-9355,188,82.6,1/12/1980,"The Pink Pig Tavern",239-84-7166
American,2027,Boltz,Jason,M,"2600 Selah Way",05403,JasonMBoltz@gustr.com,Riewhicur86,802-715-5017,169,77.4,6/22/1986,"First Choice Yard Help",008-24-9886
American,2028,Cunningham,Alan,J,"4548 Elk Creek Road",30501,AlanJCunningham@fleckens.hu,Essity1948,770-530-4876,167,104.0,6/1/1948,Steinberg's,260-20-2815
American,2029,Amaker,Christopher,L,"1032 Walt Nuzum Farm Road",14604,ChristopherLAmaker@gustr.com,Dratity,585-420-7433,179,101.0,2/10/1969,"Spaceage Stereo",125-48-4947
American,2030,Watts,Tiffany,J,"1126 Lunetta Street",33614,TiffanyJWatts@cuvox.de,Mustent,941-234-6007,163,58.4,4/24/1982,"Gamma Realty",590-63-3129
American,2031,Walker,Jean,R,"2763 Geraldine Lane",10011,JeanRWalker@gustr.com,Haterne48,646-344-9558,166,66.9,8/10/1948,"Big Bear Stores",105-44-0607
American,2032,Roach,Robert,J,"2873 Frank Avenue",15215,RobertJRoach@rhyta.com,Asen1945,412-968-0225,181,94.0,11/22/1945,"K&G Distributors",162-68-0595
American,2033,Bowden,Bruce,D,"625 Essex Court",05301,BruceDBowden@cuvox.de,Thavidifulne,802-306-9241,183,63.6,1/25/1958,"Mission You",009-22-5190
American,2034,Johnson,Lewis,K,"2942 James Avenue",13202,LewisKJohnson@cuvox.de,Thearratheng,315-955-2526,185,89.6,9/6/1969,Chandler's,128-16-6922
American,2035,Carrion,Jane,C,"4150 Reynolds Alley",90247,JaneCCarrion@einrot.com,Rainglady1965,562-256-3830,156,87.5,4/15/1965,"Whitlocks Auto Supply",607-34-2488
American,2036,Arbuckle,Martha,J,"3953 Burton Avenue",38104,MarthaJArbuckle@fleckens.hu,Contold,901-725-5294,154,105.9,11/24/1973,"Rogers Food Stores",760-01-9619
American,2037,Martinez,Maria,B,"1699 Aspen Court",02160,MariaBMartinez@armyspy.com,Thessaince,617-332-2538,154,81.0,4/14/1961,"Solution Realty",020-03-7001
American,2038,Hill,Misti,S,"3394 Godfrey Road",10022,MistiSHill@gustr.com,Ralas1975,212-559-8826,173,83.7,6/4/1975,"Herman's World of Sporting Goods",129-42-7791
American,2039,Scheele,Floyd,L,"2666 Anmoore Road",11213,FloydLScheele@jourrapide.com,Whity1971,718-771-9227,167,104.4,4/18/1971,"Our Own Hardware",057-70-0506
American,2040,Strunk,James,B,"562 Mill Street",29601,JamesBStrunk@superrito.com,Nonsed42,864-201-0393,171,89.6,1/5/1942,"Dreamscape Garden Care",250-50-2762
American,2041,Cloutier,Terry,R,"3289 Steve Hunt Road",33301,TerryRCloutier@superrito.com,Thrervoich,305-760-5439,182,92.6,9/24/1995,"White Coffee Pot",590-96-9277
American,2042,Moore,Michael,J,"4637 Patton Lane",27705,MichaelJMoore@rhyta.com,Moserry,919-254-7314,165,97.2,9/26/1941,"Rogers Peet",688-05-8026
American,2043,Alvarado,Matthew,M,"262 Tyler Avenue",33166,MatthewMAlvarado@cuvox.de,Sonset,305-315-6160,170,85.3,9/16/1953,"Reliable Garden Management",767-50-8750
American,2044,Evans,Dale,G,"170 Kovar Road",02401,DaleGEvans@armyspy.com,Oferds1964,508-568-2957,183,96.1,3/28/1964,"Earl Abel's",016-50-2942
American,2045,Johnson,Margaret,J,"914 Hampton Meadows",01824,MargaretJJohnson@rhyta.com,Ration,978-367-9112,173,72.1,12/23/1973,Prestiga-Biz,021-16-5849
American,2046,Carroll,Ryan,C,"1447 Mulberry Street",75904,RyanCCarroll@teleworm.us,Nowde1948,936-526-9968,181,79.7,3/13/1948,"Mission Realty",633-26-2906
American,2047,Harding,Monique,J,"4720 John Calvin Drive",60605,MoniqueJHarding@cuvox.de,Stions,708-861-9248,155,66.4,11/12/1986,"Grade A Investment",345-72-8836
American,2048,Hughes,Ricky,H,"3992 Lake Floyd Circle",20705,RickyHHughes@einrot.com,Mishe1959,301-937-4247,172,94.2,12/18/1959,"Robert Hall",216-28-1688
American,2049,Mayes,Morris,P,"3972 Ruckman Road",73116,MorrisPMayes@einrot.com,Sellad35,405-858-9828,180,62.4,8/1/1935,"Paul's Food Mart",445-22-9541
American,2050,Roberts,Bridget,J,"4826 Haven Lane",48933,BridgetJRoberts@armyspy.com,Bletismue68,517-679-4675,167,102.5,7/4/1968,"Brand Names",364-64-2602
American,2051,Kramer,Robert,T,"1475 Austin Avenue",31520,RobertTKramer@cuvox.de,Plor1968,912-280-5480,177,74.1,7/18/1968,"Earthworks Yard Maintenance",257-48-8447
American,2052,Norman,Robert,V,"3784 Adamsville Road",78501,RobertVNorman@dayrep.com,Fure1998,956-664-7317,180,89.0,1/13/1998,"Quality Merchant Services",453-11-5656
American,2053,Swart,Timothy,E,"3634 Briarwood Road",65804,TimothyESwart@fleckens.hu,Larnstake,417-883-3623,189,73.1,11/26/1995,"Argus Tapes & Records",496-80-7681
American,2054,Huynh,Albert,V,"1500 Ashcraft Court",92101,AlbertVHuynh@superrito.com,Ounkentoot,619-402-3746,188,76.9,11/2/1980,"Omni Tech",618-10-0783
American,2055,Gift,Yolanda,F,"3614 Westfall Avenue",56286,YolandaFGift@gustr.com,Spreorke,507-224-3884,173,57.2,5/2/1966,"Maurice The Pants Man",477-28-4147
American,2056,Harman,Zachary,F,"3087 Gladwell Street",75402,ZacharyFHarman@jourrapide.com,Eldless1933,903-250-6814,171,68.9,8/10/1933,"The Network Chef",452-69-5999
American,2057,Lopez,Patrick,A,"4204 Losh Lane",15017,PatrickALopez@teleworm.us,Stes1944,412-670-8136,183,73.0,3/4/1944,"Northern Reflections",196-26-6299
American,2058,Chavez,Susan,J,"3195 Rollins Road",68826,SusanJChavez@rhyta.com,Fligothe,308-946-8870,157,63.1,3/1/1937,"On Cue",505-90-5416
American,2059,Honda,Edmund,M,"4976 Calvin Street",21202,EdmundMHonda@jourrapide.com,Babodisce,443-337-7921,186,77.4,7/23/1957,"Crafts & More",217-56-4872
American,2060,Noriega,Seth,M,"1085 Delaware Avenue",94143,SethMNoriega@dayrep.com,Quirs1959,415-344-8323,178,108.3,12/28/1959,Veramons,613-31-3138
American,2061,Brewer,Edwin,M,"2516 Evergreen Lane",92614,EdwinMBrewer@dayrep.com,Sigiand,323-527-4709,163,77.6,6/9/1936,"Paul's Record Hut",621-28-1203
American,2062,Pryor,Melvin,S,"1405 Victoria Street",70806,MelvinSPryor@jourrapide.com,Ging1940,225-234-7066,184,77.3,5/29/1940,"House of Gas",434-13-2630
American,2063,Rutherford,Jane,J,"3230 Chandler Drive",65711,JaneJRutherford@rhyta.com,Efins1954,417-668-7626,162,55.2,11/8/1954,"National Shirt Shop",490-18-1159
American,2064,Gibson,Rosaura,E,"4071 Deans Lane",10011,RosauraEGibson@gustr.com,Sicke1984,914-816-3771,167,51.1,5/2/1984,"Pacific Stereo",075-10-5036
American,2065,Dorris,Alyson,I,"2623 Comfort Court",53964,AlysonIDorris@rhyta.com,Fromed,608-296-5860,170,55.9,5/8/1990,"Media Play",395-46-4978
American,2066,Vargas,Courtney,R,"1629 Waterview Lane",87501,CourtneyRVargas@jourrapide.com,Tarm1982,505-476-9594,170,67.2,5/10/1982,"Sounds Great, Inc",648-01-1125
American,2067,Dabbs,Charles,J,"637 Ashwood Drive",51237,CharlesJDabbs@superrito.com,Fround,712-475-7093,189,83.3,7/4/1993,"Las Vegas Yard Management",483-88-9787
American,2068,Briggs,Willie,J,"1727 Melville Street",38118,WillieJBriggs@dayrep.com,Gagarrour64,731-439-7026,181,73.5,6/12/1964,JasmineSola,415-14-3024
American,2069,Sieben,Francine,R,"3996 North Street",24501,FrancineRSieben@dayrep.com,Camesquill,434-945-3315,154,87.4,8/7/1966,"Helping Hand",231-43-8211
American,2070,Ford,Jonathan,M,"4124 Ventura Drive",95054,JonathanMFord@cuvox.de,Placceiven,831-331-1201,183,73.5,3/23/1965,"First Choice Garden Maintenance",625-56-1037
American,2071,Brimer,James,A,"4284 Ray Court",28358,JamesABrimer@rhyta.com,Thasuppeas,910-258-1332,178,68.0,5/6/1947,"Steve's Ice Cream",682-09-6151
American,2072,Lark,Robert,A,"1986 Elsie Drive",57104,RobertALark@teleworm.us,Agettold70,605-252-9980,188,65.8,1/9/1970,"Matrix Architectural Service",503-30-4485
American,2073,Rathburn,Edna,C,"2460 Hott Street",73109,EdnaCRathburn@teleworm.us,Stictied,405-644-1707,169,56.1,5/31/1955,"The Record Shops at TSS",440-01-2410
American,2074,Butts,Herbert,E,"3355 Ross Street",62984,HerbertEButts@armyspy.com,Cappraid,618-269-4460,185,68.3,7/29/1965,Playworld,340-36-5975
American,2075,Stayton,Warren,S,"3076 Jadewood Farms",07857,WarrenSStayton@dayrep.com,Kion1944,973-347-2566,178,80.3,6/3/1944,"Twin Food Stores",140-68-8863
American,2076,Rose,John,C,"2863 Hazelwood Avenue",50010,JohnCRose@armyspy.com,Hickinurpoll90,515-291-1268,184,94.2,2/18/1990,"Auto Palace",485-86-9938
American,2077,Phillips,Allie,S,"854 Abia Martin Drive",10018,AllieSPhillips@rhyta.com,Hergar,631-479-7557,161,53.0,5/5/1936,"Bountiful Harvest Health Food Store",073-22-9888
American,2078,Charley,James,A,"49 Platinum Drive",16117,JamesACharley@gustr.com,Sorocalked,724-752-5714,171,75.7,8/9/1986,"The Sample",174-74-6888
American,2079,Cooper,Norman,F,"2329 White Lane",31078,NormanFCooper@teleworm.us,Trounertaing,478-837-5289,179,81.6,6/27/1987,"Square Circle",260-20-8238
American,2080,Nosal,Al,K,"665 Rosemont Avenue",32801,AlKNosal@cuvox.de,Makest,321-841-1473,178,99.4,11/4/1987,"Disc Jockey",589-25-0099
American,2081,Grimaldi,Brigida,D,"2759 Eagles Nest Drive",96063,BrigidaDGrimaldi@gustr.com,Turrearle,530-597-4155,158,76.0,7/27/1993,JasmineSola,557-27-3810
American,2082,Atkinson,Kay,O,"292 Whaley Lane",53227,KayOAtkinson@fleckens.hu,Befeepilf,262-504-4265,165,93.5,2/16/1953,"Idea Infinity",395-25-2674
American,2083,Kinney,Albert,K,"1952 Pearlman Avenue",02215,AlbertKKinney@fleckens.hu,Brid1940,978-221-2095,176,65.0,9/12/1940,Metro,029-84-1413
American,2084,Velazquez,Keith,L,"2269 Davis Street",30606,KeithLVelazquez@superrito.com,Candia,706-319-7897,183,63.0,9/21/1988,Hastings,259-79-9217
American,2085,Padilla,Karen,C,"3486 Margaret Street",77024,KarenCPadilla@fleckens.hu,Mosen1973,713-938-7782,162,93.3,2/9/1973,Schweggmanns,449-50-5390
American,2086,Clarke,Julius,L,"896 Lady Bug Drive",81212,JuliusLClarke@dayrep.com,Fouttich,719-204-0975,179,56.4,7/27/1995,"The Flying Bear",652-01-8159
American,2087,Davis,Jaqueline,A,"1421 Jennifer Lane",27604,JaquelineADavis@armyspy.com,Holoccure,919-501-8900,160,85.6,5/26/1934,Handyman,246-27-1483
American,2088,Brumfield,George,F,"2831 Big Indian",70112,GeorgeFBrumfield@gustr.com,Thercits92,504-585-5834,177,78.5,3/18/1992,Merrymaking,438-30-6062
American,2089,Hamilton,Migdalia,J,"761 Rockford Road",02132,MigdaliaJHamilton@cuvox.de,Withet1985,774-994-2903,157,82.1,5/24/1985,"Big Star Markets",022-64-5779
American,2090,Hall,Earlene,L,"302 Hillhaven Drive",90063,EarleneLHall@cuvox.de,Anient62,323-881-9515,161,96.2,10/10/1962,"Two Pesos",609-84-0043
American,2091,Wagner,Mary,T,"915 Kyle Street",57715,MaryTWagner@jourrapide.com,Allace1977,308-453-3726,154,92.7,7/21/1977,Mages,507-11-3822
American,2092,Abraham,Lane,E,"720 Lincoln Street",08232,LaneEAbraham@dayrep.com,Thety1960,609-431-2694,153,72.9,3/17/1960,"Frank's Nursery & Crafts",146-50-7143
American,2093,James,Ronald,P,"1529 Shady Pines Drive",37601,RonaldPJames@einrot.com,Sawite,276-243-7844,182,58.9,2/17/1999,"Joshua Doore",691-03-7600
American,2094,Place,Michael,L,"1988 Werninger Street",77036,MichaelLPlace@fleckens.hu,Thistried,832-695-3832,188,69.7,4/26/1980,"Handy Dan",645-20-4484
American,2095,Sanchez,Ruby,S,"1490 Virgil Street",32405,RubySSanchez@jourrapide.com,Therning,850-215-5363,155,65.1,4/3/1938,Titania,262-99-8871
American,2096,Madore,William,P,"1082 Pin Oak Drive",52761,WilliamPMadore@fleckens.hu,Saingly,563-262-9595,167,87.2,4/12/1955,"Big D Supermarkets",480-10-0415
American,2097,Burney,Rebecca,J,"1416 Pearlman Avenue",01730,RebeccaJBurney@rhyta.com,Bace1983,978-300-7372,175,87.3,10/24/1983,"ABC Markets",025-14-2354
American,2098,Bull,Anne,S,"1944 Massachusetts Avenue",20024,AnneSBull@dayrep.com,Onlyingthend,202-825-8416,169,87.4,9/4/1993,"Realty Solution",578-46-0936
American,2099,Webb,David,G,"4335 Public Works Drive",37642,DavidGWebb@rhyta.com,Camither,423-357-7097,163,77.5,5/10/1940,"Giant Open Air",762-01-1328
American,2100,Kelley,Katherine,F,"4699 Vesta Drive",60605,KatherineFKelley@gustr.com,Osgrot,773-673-9314,166,102.3,5/19/1956,"Twin Food Stores",347-90-9665
American,2101,Houghton,John,C,"1249 Adams Drive",77006,JohnCHoughton@jourrapide.com,Cousemen,979-344-0318,188,111.0,4/5/1982,"Asian Answers",644-30-9335
American,2102,Rodriguez,Lisa,G,"2840 Simpson Square",73942,LisaGRodriguez@cuvox.de,Paided,580-644-4985,156,68.3,5/24/1958,"Shoe Kicks",443-13-5692
American,2103,Adams,Ernest,C,"3461 Melrose Street",99322,ErnestCAdams@jourrapide.com,Verody,509-896-0667,180,72.9,8/9/1980,"Target Realty",533-06-6944
American,2104,Bast,Valentine,R,"1897 Stanley Avenue",11590,ValentineRBast@einrot.com,Arsties,516-473-2226,168,102.2,2/4/1992,"Bountiful Harvest Health Food Store",087-24-6718
American,2105,Edelstein,Annie,J,"158 Elmwood Avenue",85236,AnnieJEdelstein@armyspy.com,Facher,480-888-4650,160,51.2,4/14/1985,Steinberg's,601-39-4694
American,2106,Turner,Marie,J,"4037 Juniper Drive",48445,MarieJTurner@gustr.com,Hateres69,989-874-4715,160,65.0,9/23/1969,"Twin Electronics",367-50-4237
American,2107,Regner,Frank,A,"4047 Simpson Avenue",17109,FrankARegner@einrot.com,Whissely,717-918-3084,179,111.4,6/4/1954,Flexus,167-38-4191
American,2108,Reyes,Jason,R,"762 Westfall Avenue",55902,JasonRReyes@armyspy.com,Nerund,507-226-8369,181,69.4,3/29/1935,Sambo's,477-18-9422
American,2109,Vella,Julie,S,"503 Lamberts Branch Road",33311,JulieSVella@jourrapide.com,Surser,786-863-6468,164,93.0,5/1/1987,"Wild Oats Markets",267-21-8178
American,2110,Cofer,Frank,A,"2883 Davis Street",30643,FrankACofer@gustr.com,Minat1945,706-377-2984,173,81.8,12/15/1945,"Copeland Sports",672-26-0134
American,2111,Waddell,Stephen,K,"3554 Felosa Drive",90028,StephenKWaddell@gustr.com,Anducce,323-956-9886,169,89.3,2/19/1979,"Lone Wolf Wealth Planning",560-03-5289
American,2112,Hull,Luis,F,"1356 Airplane Avenue",06450,LuisFHull@gustr.com,Likeny1968,860-877-1961,182,107.4,5/17/1968,"K&G Distributors",040-08-4578
American,2113,Hanna,William,C,"4821 Parker Drive",44142,WilliamCHanna@einrot.com,Forether,216-676-1595,189,105.1,1/23/1987,"Saturday Matinee",275-92-0611
American,2114,Flores,Wayne,R,"172 Asylum Avenue",06810,WayneRFlores@einrot.com,Howboys,203-744-0325,163,82.5,9/25/1938,Quickbiz,042-84-4594
American,2115,Bethel,Michelle,R,"283 Broadcast Drive",28211,MichelleRBethel@fleckens.hu,Lation,704-210-6349,169,50.3,4/2/1999,"Piece Goods Fabric",687-09-9525
American,2116,Hobbs,Mary,A,"3599 Frederick Street",79927,MaryAHobbs@gustr.com,Hicter56,915-926-6816,167,63.3,5/20/1956,"Prahject Planner",627-26-7317
American,2117,Perez,Daniel,J,"469 Wescam Court",89502,DanielJPerez@fleckens.hu,Sapect,775-858-2959,177,70.4,3/14/1991,"Hit or Miss",680-01-0812
American,2118,Richards,Karen,K,"758 Selah Way",05301,KarenKRichards@rhyta.com,Casere1958,802-712-5610,168,63.5,5/25/1958,"Egghead Software",008-09-6647
American,2119,Boyles,James,J,"2784 Pearcy Avenue",46714,JamesJBoyles@cuvox.de,Thades,260-827-0049,175,77.8,2/15/1950,Strawberries,311-13-9582
American,2120,Kerns,Linda,M,"1347 B Street",55024,LindaMKerns@gustr.com,Wasterem,651-463-6226,157,83.9,1/20/1962,"Incredible Universe",473-12-9022
American,2121,Lauderdale,Eileen,J,"2486 Poco Mas Drive",75219,EileenJLauderdale@gustr.com,Raity1944,214-522-2104,162,57.0,9/30/1944,Sportswest,628-12-8676
American,2122,Ford,Alice,R,"4504 Viking Drive",45601,AliceRFord@armyspy.com,Suittled,740-773-0834,154,67.7,2/18/1955,"Burger Chef",272-54-9882
American,2123,Booth,Joseph,S,"2271 Woodside Circle",32501,JosephSBooth@rhyta.com,Mortich,850-746-3541,168,77.4,11/14/1957,"Gold Medal",772-32-1575
American,2124,Martinez,Otto,B,"2507 Paul Wayne Haggerty Road",70065,OttoBMartinez@armyspy.com,Tworist,504-464-5352,178,61.2,8/12/1988,"Freedom Map",659-12-0561
American,2125,Bailey,Shannon,J,"1742 Eden Drive",23060,ShannonJBailey@teleworm.us,Clanouper,804-938-5483,168,87.9,9/29/1988,Morville,227-89-4222
American,2126,Lawton,Kimberly,J,"3978 Flynn Street",44004,KimberlyJLawton@dayrep.com,Wastor45,440-997-7106,160,52.5,3/26/1945,"Frank and Seder",276-06-9205
American,2127,Jones,William,A,"3021 Norma Lane",71109,WilliamAJones@armyspy.com,Eftees,318-621-6806,189,106.7,12/7/1980,"Rite Solution",659-03-2084
American,2128,Jameson,David,T,"3620 Walnut Hill Drive",45214,DavidTJameson@teleworm.us,Figh1943,513-284-3816,164,78.9,1/24/1943,"Computer City",297-04-2407
American,2129,James,Kimberly,D,"1512 Brentwood Drive",78626,KimberlyDJames@jourrapide.com,Plegelone,512-763-7977,161,74.3,4/30/1977,"The Record Shops at TSS",459-36-8850
American,2130,Morrison,Scott,K,"1196 Wilmar Farm Road",22090,ScottKMorrison@jourrapide.com,Necanat1966,240-297-7657,176,75.0,11/25/1966,"Ideal Garden Management",220-38-1345
American,2131,McCarthy,Dora,S,"2440 Ventura Drive",95054,DoraSMcCarthy@armyspy.com,Magaver89,831-325-1987,173,93.4,8/31/1989,"Integra Wealth Planners",557-52-0719
American,2132,Lail,Violet,R,"1057 Jerome Avenue",78550,VioletRLail@teleworm.us,Beadis,956-264-6894,156,72.6,12/29/1955,"Susie's Casuals",631-24-7216
American,2133,Emerson,Nicole,P,"3211 Bird Spring Lane",77478,NicolePEmerson@fleckens.hu,Joods1944,281-562-4217,155,91.0,4/4/1944,"Pay'N Takeit",460-05-0681
American,2134,Primm,Carolyn,W,"3892 Hott Street",74074,CarolynWPrimm@fleckens.hu,Sion1940,405-624-7015,159,102.8,12/22/1940,MegaSolutions,440-22-8562
American,2135,Gabriel,Patty,R,"2323 Edsel Road",93632,PattyRGabriel@jourrapide.com,Inctureniou,818-486-2006,160,72.9,7/17/1980,"Team Designers and Associates",554-01-9802
American,2136,Chen,Mary,D,"3889 Davisson Street",46225,MaryDChen@cuvox.de,Frund1987,765-889-4854,164,89.7,12/29/1987,"Maloley's Finer Foods",316-96-0391
American,2137,Herald,Ferne,C,"3029 Bryan Avenue",55126,FerneCHerald@rhyta.com,Wheint,651-415-7548,172,49.6,2/8/1979,Pomeroy's,468-14-5801
American,2138,Jones,Walter,K,"3376 Perry Street",48075,WalterKJones@cuvox.de,Cers1953,810-613-9709,177,79.5,7/4/1953,"Tower Records",368-60-7449
American,2139,Coleman,Doris,J,"4940 Center Street",97401,DorisJColeman@superrito.com,Fisittests,541-968-3861,161,50.1,1/3/1972,"Wheels Discount Auto",542-59-9925
American,2140,Dory,Cruz,E,"334 Late Avenue",73834,CruzEDory@cuvox.de,Entreirs,580-735-7611,154,98.0,9/27/1974,Delchamps,441-16-8974
American,2141,Walker,Stephanie,C,"4833 Gerald L. Bates Drive",02210,StephanieCWalker@jourrapide.com,Eself1977,617-766-9133,157,51.3,8/26/1977,"Team Electronics",032-76-4100
American,2142,Guzman,Chester,R,"744 Stark Hollow Road",80648,ChesterRGuzman@einrot.com,Sessood51,970-897-6027,179,89.9,3/15/1951,Hechinger,653-34-2853
American,2143,Winters,Tammy,R,"136 Jefferson Street",23462,TammyRWinters@teleworm.us,Usen1960,757-682-6040,167,84.7,6/19/1960,"Unity Stationers",223-04-1766
American,2144,Wellington,Luis,D,"353 Perry Street",48420,LuisDWellington@cuvox.de,Clacers1970,810-564-5637,177,99.3,5/20/1970,"White Tower Hamburgers",366-94-0998
American,2145,Collins,Edward,P,"4360 Feathers Hooves Drive",10004,EdwardPCollins@einrot.com,Thapt1980,631-715-1618,188,65.4,11/7/1980,"Total Sources",053-24-3235
American,2146,Martinez,Sophia,R,"2336 Elk Street",92805,SophiaRMartinez@cuvox.de,Reartand,949-734-7036,174,53.4,7/17/1991,Fireball,553-30-0740
American,2147,Terry,Peter,C,"1933 Duffy Street",46410,PeterCTerry@einrot.com,Occonever,219-769-9825,189,93.5,9/18/1978,Chargepal,313-01-0208
American,2148,Heller,Bev,W,"1741 Black Oak Hollow Road",95110,BevWHeller@cuvox.de,Placceiven,408-801-4156,166,61.0,5/31/1983,"Access Asia",614-41-2380
American,2149,Moultrie,Francine,C,"3300 Oak Street",13642,FrancineCMoultrie@armyspy.com,Bearaince,315-287-6778,157,87.7,11/23/1942,Vari-Tec,075-38-5251
American,2150,Reyes,Jason,K,"3863 Sand Fork Road",46542,JasonKReyes@gustr.com,Gremplanied,574-658-4461,169,102.2,12/8/1944,Ransohoffs,304-01-0249
American,2151,Reimer,Wanda,H,"3297 Cemetery Street",93901,WandaHReimer@gustr.com,Diguirses1970,831-760-3545,153,60.2,11/18/1970,Gottschalks,558-56-8070
American,2152,Killeen,Diane,B,"4543 Harrison Street",95113,DianeBKilleen@fleckens.hu,Fesse1994,415-484-6683,170,87.4,4/1/1994,"Roadhouse Grill",564-21-4202
American,2153,Harris,Ella,S,"3334 Crestview Terrace",78130,EllaSHarris@armyspy.com,Tagal1950,830-620-3202,156,58.9,10/26/1950,Lum's,456-76-7713
American,2154,Amador,Ellen,B,"3965 Park Street",94565,EllenBAmador@superrito.com,Stold1977,925-439-9397,162,80.2,1/13/1977,"La Petite Boulangerie",615-48-9310
American,2155,O'Connor,Stephen,E,"1225 Abner Road",54401,StephenEOConnor@teleworm.us,Abeing67,715-360-5992,180,114.2,3/29/1967,"Red Robin Stores",394-96-5062
American,2156,Pierce,Erin,J,"4226 Blair Court",64780,ErinJPierce@fleckens.hu,Houl1944,660-598-6756,158,56.3,3/23/1944,"Poore Simon's",496-12-5992
American,2157,Hensen,Edward,S,"1294 North Street",84104,EdwardSHensen@cuvox.de,Sumen1978,435-242-9860,177,87.8,4/2/1978,"Rainbow Life",528-23-6774
American,2158,Oberlander,Martin,E,"3795 Hamilton Drive",77640,MartinEOberlander@armyspy.com,Exures,409-963-0943,163,85.3,10/15/1999,"L.L. Berger",463-25-0719
American,2159,Nick,Ruby,R,"4198 Northwest Boulevard",07649,RubyRNick@fleckens.hu,Plaing,201-967-8212,166,88.3,1/12/1996,Angel's,153-30-7350
American,2160,Maxwell,Sandra,W,"2318 Doctors Drive",90401,SandraWMaxwell@armyspy.com,Youllithould1950,310-394-5655,151,80.7,10/30/1950,"Harvest Foods",625-56-1716
American,2161,Salmons,John,N,"3778 Golden Ridge Road",12305,JohnNSalmons@superrito.com,Mety1979,518-382-6912,175,68.5,8/13/1979,Adaptabiz,091-26-0414
American,2162,Wilson,Micheal,S,"1643 Middleville Road",91761,MichealSWilson@armyspy.com,Coduchis,626-367-7723,182,67.7,1/20/1939,Netobill,571-18-3877
American,2163,Bowman,Ray,P,"3496 Amethyst Drive",48840,RayPBowman@teleworm.us,Thernamoss,517-339-3261,180,87.6,5/28/1935,"Weenie Beenie",373-52-8601
American,2164,Hodo,Dorothy,R,"2900 Leverton Cove Road",01083,DorothyRHodo@jourrapide.com,Hencers,413-436-2990,171,89.2,4/23/1990,"Britches of Georgetown",015-03-3953
American,2165,Brinson,Elmer,P,"433 Scheuvront Drive",80221,ElmerPBrinson@gustr.com,Fately1971,303-453-0947,167,73.2,7/14/1971,"Weenie Beenie",652-14-2633
American,2166,Davidson,Sam,P,"1658 Finwood Road",08884,SamPDavidson@jourrapide.com,Speorne1998,732-416-0507,167,60.3,6/10/1998,"Mission G",136-10-9776
American,2167,Williams,Charles,S,"158 Pearl Street",95814,CharlesSWilliams@armyspy.com,Nabing,916-326-5143,171,98.6,4/16/1936,"Electric Avenue",623-29-2582
American,2168,Cornish,Karen,L,"2491 Thorn Street",82001,KarenLCornish@cuvox.de,Saitan,307-432-6158,154,59.6,12/23/1947,"Pro Property Maintenance",520-09-0828
American,2169,Dunn,Raymond,J,"3501 University Street",98101,RaymondJDunn@superrito.com,Untake,206-416-2820,183,62.1,9/25/1947,"Plan Smart Partner",535-43-5621
American,2170,Brown,Terry,D,"4428 Cambridge Court",72801,TerryDBrown@jourrapide.com,Crind1950,479-880-8817,170,87.3,4/12/1950,"Complete Tech",432-02-9859
American,2171,Ishee,Helen,S,"1780 Lady Bug Drive",10458,HelenSIshee@superrito.com,Faturis37,718-933-5395,160,58.6,10/19/1937,"Best Products",092-68-2981
American,2172,Thompson,Brenda,S,"2940 Post Farm Road",30303,BrendaSThompson@teleworm.us,Farly1952,404-221-9243,167,56.6,7/11/1952,"Realty Depot",675-18-3670
American,2173,Culligan,Marcia,R,"2398 James Avenue",13221,MarciaRCulligan@fleckens.hu,Huntooke,315-915-2578,171,94.6,9/26/1947,"Garden Guru",064-86-5614
American,2174,Rosenthal,Robert,V,"787 Moonlight Drive",08104,RobertVRosenthal@rhyta.com,Mancepoperes,609-687-6590,176,93.3,6/1/1934,"Super Place",157-46-0167
American,2175,Walker,Jackie,S,"3578 Patton Lane",27603,JackieSWalker@cuvox.de,Petly1958,919-295-1821,178,89.9,2/5/1958,Komerci,687-05-4124
American,2176,Montes,Kimberly,R,"3982 Carter Street",63011,KimberlyRMontes@gustr.com,Agoing,618-803-1086,151,76.3,4/22/1944,"Sam Goody",357-24-8714
American,2177,Ramirez,Beth,D,"2074 Settlers Lane",10013,BethDRamirez@jourrapide.com,Hiscia,917-827-8100,168,54.6,8/1/1999,"Paper Cutter",110-22-6570
American,2178,Wright,Mark,S,"3421 Mahlon Street",07701,MarkSWright@rhyta.com,Hasitualls,732-936-5215,167,100.9,8/26/1966,"Odyssey Records & Tapes",152-40-5664
American,2179,Patton,Harold,A,"595 Fincham Road",92020,HaroldAPatton@fleckens.hu,Werces,760-487-8786,187,101.9,4/13/1963,"Corinthian Designs",619-74-9469
American,2180,Burk,Brian,S,"2085 Badger Pond Lane",33619,BrianSBurk@jourrapide.com,Mingh1995,727-204-8791,172,93.4,9/17/1995,CompuAdd,262-22-1628
American,2181,Payne,Timothy,C,"4775 Oakmound Drive",60005,TimothyCPayne@gustr.com,Ofirther,773-321-4093,184,69.4,6/9/1967,"Sure Save",348-03-4884
American,2182,Hardin,Denise,C,"3352 Pointe Lane",33169,DeniseCHardin@jourrapide.com,Tholoted,954-944-8952,158,60.0,8/24/1962,"Body Fate",594-62-3893
American,2183,Schmidt,Alberta,M,"4545 Rosemont Avenue",32803,AlbertaMSchmidt@rhyta.com,Somard,321-848-3659,153,83.2,10/14/1955,"J. Brannam",766-44-7041
American,2184,Buckner,Micheal,I,"4720 Deer Ridge Drive",07071,MichealIBuckner@armyspy.com,Mandeproper,973-603-0447,189,110.7,12/30/1975,"Colonial Stores",150-60-6852
American,2185,Rodriguez,John,K,"3243 Jim Rosa Lane",94103,JohnKRodriguez@teleworm.us,Moomed,415-864-9530,174,62.9,6/18/1945,Netaid,545-69-3433
American,2186,Halloran,Timothy,L,"4519 Maple Street",92618,TimothyLHalloran@superrito.com,Sirsom,714-369-4414,186,78.2,9/7/1999,"P. Samuels Men's Clothiers",617-12-4922
American,2187,Busse,Sidney,M,"1 Honeysuckle Lane",98501,SidneyMBusse@teleworm.us,Socculd,360-586-2050,176,74.4,2/28/1944,"Budget Power",533-18-5161
American,2188,Loos,Donald,J,"474 Gorby Lane",39157,DonaldJLoos@jourrapide.com,Therstagaing,601-320-2974,174,104.6,5/9/1997,"ABC Markets",428-66-2898
American,2189,Harris,Jorge,F,"3163 Elk Avenue",49245,JorgeFHarris@gustr.com,Latur1993,517-568-6893,178,79.0,8/1/1993,"Thriftway Food Mart",376-30-0806
American,2190,Hancock,James,T,"2606 Everette Alley",33301,JamesTHancock@superrito.com,Districe,954-832-0212,172,109.9,5/14/1975,"Asian Junction",261-59-5171
American,2191,Young,Brenda,E,"865 Alfred Drive",10461,BrendaEYoung@superrito.com,Whisconce,718-214-4612,167,106.0,1/4/1974,"Dream Home Real Estate Service",087-16-9872
American,2192,Delatorre,Virginia,J,"3607 Rhode Island Avenue",20200,VirginiaJDelatorre@gustr.com,Samly1958,202-375-8537,171,58.8,9/9/1958,"Star Merchant Services",579-32-3291
American,2193,Holloman,Brian,S,"1705 Lakeland Terrace",48185,BrianSHolloman@superrito.com,Alitels,734-368-9273,170,62.1,2/14/1997,"Hamady Bros. Supermarkets",374-03-2738
American,2194,Sandoval,John,B,"1906 Stoney Lonesome Road",18833,JohnBSandoval@einrot.com,Obeft1975,570-363-8519,182,91.2,9/21/1975,Burstein-Applebee,196-62-4602
American,2195,White,Grace,F,"303 Tavern Place",80112,GraceFWhite@rhyta.com,Abligh1972,303-991-3016,168,63.3,3/1/1972,Merrymaking,523-88-9311
American,2196,Wharton,Ahmad,M,"2001 Neuport Lane",30071,AhmadMWharton@gustr.com,Haind1950,770-368-4805,169,108.8,10/6/1950,"Pantry Food Stores",256-83-6246
American,2197,Manis,Donald,J,"3082 Kyle Street",68801,DonaldJManis@einrot.com,Ouressee,308-550-0304,168,68.7,5/10/1982,"Brown Derby",506-10-1824
American,2198,Smith,Helen,J,"4328 Queens Lane",23960,HelenJSmith@teleworm.us,Thaded83,434-574-3808,167,85.7,12/8/1983,"Nutri G",230-82-5526
American,2199,Barratt,Donnie,B,"2406 Seneca Drive",97232,DonnieBBarratt@cuvox.de,Mostoperly,503-942-8779,163,65.2,10/19/1941,"Standard Brands Paint Company",540-54-9636
American,2200,Downs,Richard,S,"935 Marion Drive",33602,RichardSDowns@rhyta.com,Gotly1950,813-371-1803,166,101.2,5/8/1950,"Network Air",266-58-5490
American,2201,Weems,Mary,J,"3476 James Street",14450,MaryJWeems@dayrep.com,Hemen1941,585-705-9885,166,68.5,3/12/1941,"Buehler Foods",082-68-5591
American,2202,Yount,Kathy,H,"1981 Collins Street",33830,KathyHYount@dayrep.com,Theaborth,813-927-7848,166,77.3,10/1/1934,"Bonanza Produce Stores",265-09-3402
American,2203,Kirby,Denise,S,"828 Gateway Avenue",90017,DeniseSKirby@einrot.com,Thermised,661-793-2499,160,56.5,11/26/1988,"One-Up Realty",608-49-7677
American,2204,Slye,Charles,R,"3536 Lindale Avenue",94607,CharlesRSlye@superrito.com,Pasper,510-543-1286,185,76.4,10/9/1990,"House Of Denmark",620-33-2059
American,2205,Huff,Colleen,K,"2999 Mandan Road",63011,ColleenKHuff@cuvox.de,Humbecioned,573-870-3379,155,84.0,5/16/1982,"Ideal Garden Maintenance",489-46-2239
American,2206,Sanchez,Ernest,M,"1243 Ferry Street",35801,ErnestMSanchez@dayrep.com,Unpled48,256-671-6408,174,109.5,5/20/1948,"Your Choices",423-07-1158
American,2207,Whiddon,Jerry,M,"2423 Tenmile",22401,JerryMWhiddon@jourrapide.com,Antionne,757-897-5888,187,108.9,11/6/1969,"Electronics Source",231-56-6014
American,2208,Sexton,Gary,S,"4884 River Road",81007,GarySSexton@superrito.com,Frote1950,719-547-7478,174,82.3,5/13/1950,Zantigo,521-61-8171
American,2209,Frazier,Joel,C,"3255 Tenmile",92270,JoelCFrazier@rhyta.com,Vanderch,760-202-6980,163,96.7,1/10/1935,"House of Gas",551-97-3496
American,2210,Bush,Robert,F,"3143 Byrd Lane",87112,RobertFBush@cuvox.de,Edweess,505-271-5281,172,86.3,3/3/1939,"Listen Up",525-66-1539
American,2211,Wingfield,Adam,A,"2238 Meadow Lane",95451,AdamAWingfield@gustr.com,Turatillad,707-278-5587,164,80.2,11/10/1941,"Shoe Kicks",603-56-1565
American,2212,Johnson,Sonja,D,"2434 Wines Lane",77032,SonjaDJohnson@armyspy.com,Dresill,832-264-6380,168,56.0,5/15/1957,Nobil,455-77-6765
American,2213,Cepeda,Robert,E,"1720 Maxwell Farm Road",22701,RobertECepeda@jourrapide.com,Sput1952,540-262-8388,184,93.4,10/5/1952,"Ukrop's Super Market",227-06-0865
American,2214,Baldwin,Allison,G,"3175 Berkley Street",19403,AllisonGBaldwin@jourrapide.com,Wousing,484-824-4612,160,82.0,6/17/1985,"Wickes Furniture",178-09-5480
American,2215,Barker,Roberto,A,"4516 Locust Court",90017,RobertoABarker@einrot.com,Wervince,562-384-9902,183,56.1,5/5/1999,"Record Bar",613-38-7106
American,2216,Cantrell,Ralph,L,"1154 John Calvin Drive",60603,RalphLCantrell@fleckens.hu,Thicassiong,708-851-0224,164,63.2,1/26/1949,Isaly's,354-54-5863
American,2217,Samuel,Karen,R,"4034 Brannon Avenue",32256,KarenRSamuel@gustr.com,Atrom1943,904-816-5798,160,67.9,7/15/1943,"Gov Mart",768-44-2943
American,2218,Akers,Gail,S,"2465 Short Street",78701,GailSAkers@fleckens.hu,Ficulaiders,512-882-5485,153,66.4,6/15/1956,"Frank and Seder",630-90-0450
American,2219,Virgil,Theo,C,"335 Beechwood Avenue",07728,TheoCVirgil@cuvox.de,Lary1994,908-827-4257,180,93.9,11/15/1994,"Techo Solutions",158-80-6097
American,2220,Ingram,Heather,A,"4930 Elm Drive",10013,HeatherAIngram@fleckens.hu,Sionsay52,646-508-7434,156,73.0,8/31/1952,"Omni Realty",103-20-9538
American,2221,Woodford,Roland,M,"2792 Holly Street",30720,RolandMWoodford@gustr.com,Trupoin1984,706-259-0217,187,68.0,5/12/1984,"Murray's Discount Auto Stores",259-25-0983
American,2222,Lopez,Michael,H,"4022 Williams Avenue",93301,MichaelHLopez@armyspy.com,Tivis1942,661-325-2092,179,62.0,4/15/1942,"Universo Realtors",611-56-7636
American,2223,Keller,Dean,M,"800 Marigold Lane",33301,DeanMKeller@dayrep.com,Wortuld,305-403-3877,185,99.1,12/26/1972,"Fresh Start",265-53-2677
American,2224,Hernandez,Jerry,M,"4270 Moonlight Drive",08244,JerryMHernandez@fleckens.hu,Asubtend,609-601-1177,164,65.0,8/28/1949,Furrow's,145-80-9170
American,2225,Wellington,Kathy,A,"614 Valley Drive",19108,KathyAWellington@dayrep.com,Anxionce,267-328-4649,155,90.3,5/17/1985,"Steve's Ice Cream",209-38-9884
American,2226,Taylor,Kimberly,J,"2753 Owen Lane",49686,KimberlyJTaylor@superrito.com,Etted1962,231-955-7531,165,82.0,4/9/1962,"Total Yard Maintenance",368-62-0293
American,2227,Simmons,Robert,J,"1337 Heritage Road",93653,RobertJSimmons@rhyta.com,Wastoods,559-689-1443,164,96.9,1/25/1934,"Pay'N Takeit",607-04-8250
American,2228,Cargile,Irene,J,"670 Hide A Way Road",95054,IreneJCargile@fleckens.hu,Hazinge,408-221-4472,166,96.7,9/8/1957,"Casual Corner",608-88-8146
American,2229,Gaona,Carol,R,"616 Lauren Drive",53954,CarolRGaona@einrot.com,Yought1941,608-429-2026,154,94.8,3/5/1941,"Twin Electronics",399-50-5988
American,2230,Duncan,Adam,M,"404 Rubaiyat Road",49503,AdamMDuncan@einrot.com,Hereinitoor1974,231-674-5194,188,93.3,8/4/1974,Stratagee,362-62-3974
American,2231,Kendrick,Henry,H,"1246 Stratford Drive",96797,HenryHKendrick@einrot.com,Thassences,808-342-9568,167,87.8,1/19/2000,"Blue Boar Cafeterias",575-33-2096
American,2232,Cummings,Oscar,S,"2032 Mulberry Lane",33166,OscarSCummings@cuvox.de,Reirence,561-834-6277,178,86.9,3/22/1959,Steinberg's,593-83-1429
American,2233,Sanchez,Renee,F,"3769 School House Road",39402,ReneeFSanchez@cuvox.de,Perap1991,601-719-3417,169,76.4,10/4/1991,"Circuit City",587-07-4808
American,2234,Lane,Burton,D,"3221 Science Center Drive",83276,BurtonDLane@superrito.com,Taidef,208-540-0061,169,82.0,11/11/1964,"Starship Tapes & Records",518-94-0507
American,2235,Brey,Lucille,G,"2536 Indiana Avenue",96814,LucilleGBrey@jourrapide.com,Kinalwyesset,808-641-0670,170,96.5,8/4/1943,"The Lawn Guru",575-48-2201
American,2236,Lewis,Patricia,T,"273 Lodgeville Road",55121,PatriciaTLewis@teleworm.us,Barom1988,612-242-0462,160,53.6,10/28/1988,"Harvest Foods",471-39-4402
American,2237,Ramirez,Sarah,R,"4048 Massachusetts Avenue",20011,SarahRRamirez@dayrep.com,Frolound36,202-719-9586,164,72.0,1/10/1936,"Sports Town USA",577-60-5356
American,2238,Farrell,Jamie,W,"2851 Johnson Street",27607,JamieWFarrell@superrito.com,Anten1956,919-931-2008,170,101.7,3/22/1956,"Endicott Shoes",684-05-4917
American,2239,Cox,Bobby,O,"383 Lynn Street",02132,BobbyOCox@armyspy.com,Onext1948,617-325-9725,180,105.7,10/20/1948,"CSK Auto",012-90-0124
American,2240,Sims,Jim,M,"340 Red Bud Lane",06103,JimMSims@gustr.com,Thent1957,860-952-1354,175,99.4,5/24/1957,Corpbay,042-78-5642
American,2241,Hector,Juan,L,"2025 Friendship Lane",94612,JuanLHector@rhyta.com,Fiefeeng90,408-668-4282,174,65.8,10/26/1990,"Camelot Music",610-30-9286
American,2242,Bancroft,John,F,"1148 Thompson Street",90804,JohnFBancroft@superrito.com,Iling1967,562-621-8880,182,69.7,2/20/1967,Brendle's,568-27-4253
American,2243,Feliciano,Joseph,S,"3998 Bruce Street",63101,JosephSFeliciano@rhyta.com,Hilegs,314-346-9804,180,67.9,5/7/1972,"Helios Air",500-76-8595
American,2244,Clark,Barry,A,"3550 Benson Park Drive",73107,BarryAClark@cuvox.de,Sulde1944,405-470-0789,169,66.4,4/14/1944,"University Stereo",448-48-9414
American,2245,Jackson,Cory,G,"3291 Payne Street",24382,CoryGJackson@gustr.com,Hadful,276-733-2697,181,74.7,6/20/1944,"Dream Home Improvements",692-03-4046
American,2246,Hoskins,Ruth,J,"4989 Lilac Lane",31634,RuthJHoskins@gustr.com,Truch1995,912-487-1581,161,83.6,11/15/1995,Grodins,260-38-1382
American,2247,Douglas,Judy,G,"1208 Sampson Street",80112,JudyGDouglas@einrot.com,Readeary1957,303-549-5905,158,69.6,6/21/1957,"Lone Wolf Wealth Planning",651-18-4858
American,2248,Richter,Pauline,C,"1529 Stanton Hollow Road",02192,PaulineCRichter@superrito.com,Fluntence,781-453-7133,154,88.3,2/29/1956,"Laughner's Cafeteria",028-22-8241
American,2249,Yap,Catherine,S,"4774 Columbia Boulevard",21202,CatherineSYap@cuvox.de,Firseten,410-441-0490,151,79.5,9/22/1933,"Golden Joy",219-57-9137
American,2250,Willis,Marcus,P,"2457 Burnside Avenue",84078,MarcusPWillis@rhyta.com,Seaudgive,435-724-6384,172,108.4,11/13/1969,"Two Pesos",528-50-2789
American,2251,Oliver,Michael,S,"3955 Ashton Lane",78701,MichaelSOliver@einrot.com,Hoseverve1971,512-542-7824,183,112.4,2/24/1971,"Shabby Chic",637-20-8141
American,2252,Milligan,Edwin,M,"2656 Green Acres Road",27834,EdwinMMilligan@armyspy.com,Ferpulthy54,252-394-5889,186,63.2,8/4/1954,"Master Builder Design Services",689-09-5553
American,2253,Olsen,William,E,"4894 Tyler Avenue",33064,WilliamEOlsen@teleworm.us,Homent,305-360-3074,168,71.7,5/29/1949,Zantigo,591-01-8413
American,2254,Potter,Shante,C,"3868 Spring Street",62701,ShanteCPotter@cuvox.de,Clumpost,217-785-8465,166,92.4,10/8/1993,"Zany Brainy",337-40-0348
American,2255,Barrientos,John,C,"2244 McDonald Avenue",32801,JohnCBarrientos@cuvox.de,Thadd1934,407-849-4476,166,99.5,4/29/1934,"Piece Goods Fabric",769-05-8484
American,2256,Dunn,Kendra,K,"4329 Crestview Terrace",74135,KendraKDunn@dayrep.com,Paorat,830-746-2650,162,104.4,8/5/1966,Huyler's,460-86-2746
American,2257,Boyer,Debbie,A,"4835 Ryan Road",57259,DebbieABoyer@einrot.com,Sadince,605-623-7447,169,94.4,8/31/1948,Stratacard,504-76-6989
American,2258,Olin,Mary,D,"4345 Circle Drive",77063,MaryDOlin@gustr.com,Makered1963,832-462-3876,155,87.4,9/19/1963,"Balanced Fortune",457-92-0960
American,2259,Beck,Melanie,C,"3960 Cunningham Court",48098,MelanieCBeck@superrito.com,Wassis,248-696-0728,160,69.8,10/20/1982,Tianguis,363-31-4977
American,2260,Lavalley,Jeffrey,S,"4446 Oak Avenue",60605,JeffreySLavalley@cuvox.de,Alidereces,847-909-8625,186,110.3,2/20/1979,Protean,336-28-1487
American,2261,Yoo,Edward,M,"4767 Central Avenue",07024,EdwardMYoo@superrito.com,Antionce,201-346-7646,178,98.9,1/10/1946,"Courtesy Hardware Store",153-76-8593
American,2262,Park,Doris,J,"1492 Lowland Drive",60115,DorisJPark@armyspy.com,Amettelly,815-400-6476,155,104.0,7/15/1960,"McMahan's Furniture",318-38-2488
American,2263,Edwards,Sherry,W,"4792 James Avenue",67213,SherryWEdwards@rhyta.com,Nordiris1988,316-214-7848,175,65.8,9/11/1988,Monlinks,515-42-9398
American,2264,Allen,Naomi,R,"4548 Jones Street",76105,NaomiRAllen@armyspy.com,Ocapturpon,817-535-5248,166,97.3,4/15/1968,"Chase Pitkin",629-80-0364
American,2265,Green,Robert,A,"4571 Howard Street",49504,RobertAGreen@einrot.com,Brions,616-453-5976,180,106.2,5/29/1975,"Sun Television and Appliances",380-20-6348
American,2266,Byerly,Edward,B,"666 Still Pastures Drive",29720,EdwardBByerly@einrot.com,Thastion1986,803-416-9328,179,74.3,12/10/1986,"Bold Ideas",656-18-1160
American,2267,Barnett,Bruce,E,"570 Ford Street",95113,BruceEBarnett@dayrep.com,Thrommeatint,408-534-7816,184,91.2,1/2/1995,Oshman's,620-96-7931
American,2268,Padilla,Cindy,N,"489 Norma Avenue",77006,CindyNPadilla@cuvox.de,Rentiold,936-892-2181,164,61.3,2/28/1980,Loblaws,629-04-3908
American,2269,Peterson,Dawn,N,"2336 Desert Broom Court",07643,DawnNPeterson@jourrapide.com,Toodis,201-727-7298,159,58.7,7/21/1941,"Allied Radio",140-46-7109
American,2270,Hellman,Jesse,T,"4844 Froe Street",26003,JesseTHellman@fleckens.hu,Aloon1966,304-317-7400,168,104.8,11/8/1966,"One-Up Realty",235-47-9792
American,2271,Hall,Barbara,J,"1125 Hanover Street",10016,BarbaraJHall@fleckens.hu,Hellibill,917-665-2272,164,74.0,1/16/1940,"Pay 'N Pak",073-46-2585
American,2272,Stitt,Joseph,I,"3888 Happy Hollow Road",28305,JosephIStitt@dayrep.com,Trisheye,910-527-3287,183,112.6,2/7/1965,"Mr. Steak",684-01-8138
American,2273,Beckwith,Maria,J,"4401 Central Avenue",08901,MariaJBeckwith@jourrapide.com,Orwastincer,201-383-3833,165,58.8,8/30/1975,Greyvoid,154-10-0705
American,2274,Owen,Floyd,A,"1917 Highland View Drive",95624,FloydAOwen@teleworm.us,Mansper,916-683-3807,175,103.8,8/10/1946,Hoyden,608-07-1814
American,2275,Belue,Kelli,R,"2314 University Hill Road",62522,KelliRBelue@rhyta.com,Herl1951,217-514-2846,165,88.5,4/4/1951,Indiewealth,353-46-3629
American,2276,Lugo,Barbara,J,"3951 Caynor Circle",07094,BarbaraJLugo@rhyta.com,Ancion,908-548-2837,154,56.7,9/1/1969,"Golden Dawn",149-64-2279
American,2277,Hoffman,Emily,D,"4978 Gregory Lane",40299,EmilyDHoffman@superrito.com,Impeartale,502-548-5370,163,61.8,12/8/1944,"ABCO Foods",406-41-3583
American,2278,Molina,Colleen,W,"1348 Modoc Alley",83702,ColleenWMolina@armyspy.com,Ablemplaid,208-867-7861,164,82.7,11/30/1992,"Hugh M. Woods",519-73-1474
American,2279,Paschal,Clay,W,"3717 Emerson Road",71201,ClayWPaschal@superrito.com,Denestomed,318-699-4915,169,64.6,4/26/1956,"Planet Pizza",433-48-3659
American,2280,Villines,Mary,J,"3226 Sarah Drive",70601,MaryJVillines@teleworm.us,Foudgmenity,337-497-4066,172,84.2,6/7/1966,"Laura Ashley Mother & Child",436-02-9265
American,2281,Foster,Mary,J,"2259 Victoria Court",04435,MaryJFoster@einrot.com,Drife1997,207-379-3421,157,84.2,4/19/1997,"Odyssey Records & Tapes",005-68-4619
American,2282,Bartlett,Connie,N,"3606 Franklee Lane",97205,ConnieNBartlett@cuvox.de,Soutemoonter,484-491-6324,155,49.4,5/10/1996,"Tower Records",191-28-5814
American,2283,Estevez,Angela,D,"3799 Southside Lane",90063,AngelaDEstevez@superrito.com,Wharly,323-780-0917,170,93.3,5/19/1962,"David Weis",625-38-8123
American,2284,Austin,Pamela,J,"2318 Masonic Hill Road",72211,PamelaJAustin@armyspy.com,Ansion,501-442-1361,172,53.1,4/11/1968,Patterson-Fletcher,679-05-3218
American,2285,Tomlinson,Staci,R,"4421 Lewis Street",60137,StaciRTomlinson@cuvox.de,Entakeeke,630-858-5795,158,100.0,8/20/1979,"Joshua Doore",347-92-6111
American,2286,Rael,Todd,M,"4984 Patterson Road",10461,ToddMRael@fleckens.hu,Crand1992,718-918-0676,171,69.7,1/11/1992,"Harold Powell",089-24-2961
American,2287,Armstrong,David,A,"364 Morningview Lane",50158,DavidAArmstrong@jourrapide.com,Thoused,641-952-9996,179,87.2,2/27/1979,Weatherill's,482-06-0598
American,2288,May,Carroll,L,"3912 Midway Road",72764,CarrollLMay@teleworm.us,Wasoned,479-587-6089,189,95.0,7/25/1989,"Life Map Planners",432-62-5953
American,2289,Fagan,Bella,A,"992 Morgan Street",32514,BellaAFagan@superrito.com,Exur1971,850-471-1694,161,60.4,7/3/1971,Giant,770-24-0859
American,2290,Ammons,Cecelia,J,"2274 Cambridge Place",21207,CeceliaJAmmons@cuvox.de,Poicheir,410-597-7482,163,54.3,10/31/1935,"Sounds Great, Inc",217-49-5305
American,2291,Mitchell,Fran,R,"493 Prudence Street",48235,FranRMitchell@fleckens.hu,Orty1964,313-346-3585,168,58.3,8/1/1964,Jacobs,369-11-8413
American,2292,Starnes,Elaine,Z,"1699 Ryan Road",57225,ElaineZStarnes@jourrapide.com,Nupich,605-532-6514,159,100.7,2/10/1971,"Service Merchandise",504-48-2595
American,2293,Gillham,Soon,G,"1445 Finwood Road",07724,SoonGGillham@gustr.com,Burstiest,732-460-2438,159,60.3,10/1/1955,"KB Toys",137-72-4572
American,2294,Chamberland,Carolyn,D,"1805 Winding Way",02906,CarolynDChamberland@superrito.com,Equaringer,401-692-1241,168,83.8,1/28/1988,"Federated Group",035-14-5759
American,2295,Conley,Steven,K,"2424 Wildwood Street",44503,StevenKConley@armyspy.com,Fead1939,330-743-6292,179,97.5,5/7/1939,FlowerTime,282-44-0212
American,2296,Hess,Sharron,J,"2566 Vine Street",60523,SharronJHess@superrito.com,Askinkin,847-660-8202,170,75.1,7/29/1970,Planetbiz,341-88-6126
American,2297,Irick,John,B,"2899 Tree Frog Lane",64106,JohnBIrick@gustr.com,Theall,816-585-4167,177,75.1,6/4/1954,"Noodle Kidoodle",497-23-4726
American,2298,Gillispie,Michael,O,"1797 Spring Avenue",19108,MichaelOGillispie@armyspy.com,Beflue,267-587-0731,186,83.0,4/29/1976,"Auto Palace",189-09-1247
American,2299,Richardson,Mary,T,"1630 Frank Avenue",15205,MaryTRichardson@einrot.com,Hinceeng,412-951-7648,169,102.8,3/13/1968,"Carrols Restaurant Group",177-32-1195
American,2300,Stewart,Geraldine,C,"684 Flynn Street",44115,GeraldineCStewart@rhyta.com,Blis1997,440-972-5308,158,57.8,3/24/1997,"L' Fish",275-68-5701
American,2301,Myers,Lisa,A,"2428 Edsel Road",90017,LisaAMyers@teleworm.us,Neverly,818-412-3169,165,98.9,11/21/1995,"Jitney Jungle",572-79-3326
American,2302,Gross,Michael,C,"3997 Whitetail Lane",75189,MichaelCGross@cuvox.de,Rany1965,469-377-6839,178,91.2,8/17/1965,"Cut Rite",640-48-5208
American,2303,Hill,Dorothy,C,"2996 Norman Street",90014,DorothyCHill@gustr.com,Ronts1955,323-330-6940,152,92.5,8/31/1955,"First Choice Garden Maintenance",548-80-7268
American,2304,Ash,Joan,G,"3038 Shearwood Forest Drive",03226,JoanGAsh@cuvox.de,Funtoink89,603-253-3692,165,68.0,2/1/1989,"Endicott Shoes",002-70-2857
American,2305,Weis,Traci,D,"2414 Goff Avenue",49503,TraciDWeis@fleckens.hu,Noweepubt1938,269-652-9374,167,88.9,6/1/1938,"Channel Home Centers",375-36-4145
American,2306,Davis,Adriana,R,"4379 Oakway Lane",91605,AdrianaRDavis@jourrapide.com,Theacess,818-255-5998,160,83.9,7/8/1952,"Unity Stationers",553-75-2534
American,2307,Gerry,Fern,M,"3104 College Avenue",45459,FernMGerry@teleworm.us,Thomenjobts1933,937-433-3227,155,52.6,12/20/1933,Brendle's,270-66-0666
American,2308,Carpenter,Jennifer,A,"4134 Mesa Drive",89128,JenniferACarpenter@teleworm.us,Reserefoot,702-304-3374,170,66.2,2/4/1944,Martin's,530-22-8338
American,2309,Hayes,Betty,D,"2111 Prospect Valley Road",90017,BettyDHayes@armyspy.com,Losonfere,310-984-1994,159,61.1,8/30/1970,"Planet Pizza",616-64-3012
American,2310,Leto,Lucien,C,"4487 Eagle Lane",55792,LucienCLeto@einrot.com,Lethed,218-749-0394,183,88.3,11/23/1943,Excella,475-70-3347
American,2311,Stainbrook,Frank,G,"3011 Havanna Street",27403,FrankGStainbrook@superrito.com,Exuld1991,336-316-7836,182,93.9,6/14/1991,Greyvoid,242-53-5838
American,2312,Leighton,Carrie,M,"4458 Court Street",63301,CarrieMLeighton@gustr.com,Andsho,636-925-9620,155,93.5,8/31/1983,"Susie's Casuals",491-16-3489
American,2313,Lowe,Mark,T,"2673 Hurry Street",24011,MarkTLowe@dayrep.com,Eall1986,540-330-8569,186,106.2,8/28/1986,"Circuit City",697-01-3940
American,2314,Reece,Robert,T,"4462 Tenmile Road",02110,RobertTReece@armyspy.com,Lausithe,781-746-8947,180,65.2,10/3/1977,"Future Plan",030-30-5097
American,2315,Wyant,Carol,M,"494 Hickory Street",84104,CarolMWyant@einrot.com,Apst1997,801-734-6759,171,62.1,2/27/1997,"Independent Investors",529-43-8630
American,2316,Jenkins,Mary,L,"4433 Flanigan Oaks Drive",20741,MaryLJenkins@gustr.com,Wonve1948,301-345-3017,156,57.7,3/11/1948,"Pro Star",213-86-5920
American,2317,Johnson,Carlos,L,"318 Lunetta Street",75763,CarlosLJohnson@armyspy.com,Pord1998,940-855-7559,175,75.8,12/2/1998,"Golden's Distributors",457-65-0564
American,2318,Shelly,Katherine,F,"2778 Turkey Pen Lane",36117,KatherineFShelly@einrot.com,Beyound,334-467-5488,153,89.7,11/11/1970,"Suadela Investment",421-88-6305
American,2319,Waterfield,Fred,T,"3962 Holly Street",28202,FredTWaterfield@dayrep.com,Answeept,704-976-1291,177,69.0,1/22/1945,"Suncoast Video",240-70-5367
American,2320,Gaston,Lee,C,"1767 Limer Street",30303,LeeCGaston@armyspy.com,Uptarterxed,706-503-1655,175,76.5,5/2/1996,"Lechters Housewares",259-49-4535
American,2321,Rice,Lorrie,T,"4466 Ralph Drive",44114,LorrieTRice@gustr.com,Beell1978,440-289-6520,164,65.6,11/6/1978,"Sam Goody",293-70-0133
American,2322,Roy,Mario,L,"1876 Morgan Street",32301,MarioLRoy@jourrapide.com,Dazint92,850-489-5944,190,92.9,10/12/1992,"Price's Electronics",265-89-1268
American,2323,Smith,Roger,P,"2536 Rockwell Lane",27801,RogerPSmith@cuvox.de,Wased1966,252-515-8102,188,95.5,11/22/1966,"Star Assistance",683-05-2582
American,2324,Rister,Joy,D,"1608 Concord Street",28678,JoyDRister@fleckens.hu,Quiptair,704-585-6011,160,91.0,8/3/1965,"Red Fox Tavern",237-68-3412
American,2325,Gil,Justin,V,"4486 New Street",97402,JustinVGil@cuvox.de,Butfult,541-324-8170,170,89.2,7/2/1990,"Future Plan",544-36-4782
American,2326,Harris,Nicolas,J,"4174 Spadafore Drive",16255,NicolasJHarris@gustr.com,Maskuldered,814-745-2603,186,102.7,6/18/1981,"Britches of Georgetown",186-78-4754
American,2327,Blackmon,Heidi,K,"4456 Ashton Lane",78701,HeidiKBlackmon@cuvox.de,Forrounce1947,512-494-2809,164,77.4,6/24/1947,"Today's Man",462-41-6062
American,2328,Ralph,Victor,S,"1743 Grim Avenue",92110,VictorSRalph@teleworm.us,Heaked,619-747-0114,167,102.9,10/28/1960,"Showbiz Pizza Place",552-17-3180
American,2329,Pelletier,Deborah,M,"3161 Still Pastures Drive",29020,DeborahMPelletier@rhyta.com,Trustur,803-432-7620,169,103.9,12/22/1973,"Steak and Ale",247-45-0626
American,2330,Powers,Fred,A,"2883 B Street",55104,FredAPowers@superrito.com,Brong1948,651-532-8392,175,102.8,3/5/1948,"Penn Fruit",473-45-8469
American,2331,Myers,James,E,"2363 Moore Avenue",75234,JamesEMyers@fleckens.hu,Deards,817-714-8821,186,87.2,5/7/1980,Tianguis,449-31-6728
American,2332,Oliver,Sabrina,R,"2055 Watson Street",08855,SabrinaROliver@fleckens.hu,Buind1969,609-714-5295,165,67.7,4/20/1969,"Skaggs-Alpha Beta",135-62-4790
American,2333,Perez,Margaret,P,"1654 Aspen Court",02199,MargaretPPerez@armyspy.com,Fropmed,617-415-5472,168,78.8,7/10/1991,"Team Designers and Associates",025-40-8905
American,2334,Patterson,Steven,M,"2959 University Hill Road",61853,StevenMPatterson@rhyta.com,Tonce1944,217-590-8091,184,63.4,11/3/1944,"Thrift Auto Parts",343-14-8428
American,2335,Snook,Frank,M,"4028 Deer Haven Drive",29601,FrankMSnook@teleworm.us,Frove1995,864-320-6851,188,81.0,9/22/1995,"Eli Moore Inc",249-81-4123
American,2336,Bates,Willie,R,"4837 School House Road",39422,WillieRBates@dayrep.com,Caplas,601-670-2170,175,63.9,8/22/1993,"Rich and Happy",426-87-1156
American,2337,Caves,Rhonda,L,"451 Nutters Barn Lane",50401,RhondaLCaves@gustr.com,Pleen1999,515-575-8010,151,55.4,6/5/1999,"Happy Bear Investment",483-25-0910
American,2338,Taylor,Randolph,D,"3121 Cedarstone Drive",45840,RandolphDTaylor@rhyta.com,Thavite1954,419-427-0961,176,85.4,5/14/1954,"Channel Home Centers",280-74-9694
American,2339,Romero,Penny,A,"3196 Tea Berry Lane",54494,PennyARomero@armyspy.com,Hillowitich,715-741-7277,167,77.0,6/17/1992,Libera,387-16-1526
American,2340,Gutierrez,Dale,G,"3377 Harrison Street",94103,DaleGGutierrez@jourrapide.com,Miteraid,415-553-9172,172,82.5,9/15/1934,"Just For Fun",570-98-8357
American,2341,Sipes,Charles,C,"4191 Sycamore Road",97420,CharlesCSipes@rhyta.com,Whateening1968,541-373-7670,174,114.6,3/25/1968,"Magna Solution",544-68-6643
American,2342,Hudnall,Ron,E,"1165 Tree Top Lane",19462,RonEHudnall@fleckens.hu,Wasuffeen,610-291-8193,162,88.8,4/23/1938,"McMahan's Furniture",162-22-2855
American,2343,Ali,Jeff,V,"2320 Kincheloe Road",97005,JeffVAli@jourrapide.com,Chalmleshe,503-469-6053,188,103.2,8/2/1970,"Steve & Barry's",543-06-9469
American,2344,Schwartz,Joseph,M,"2058 Traction Street",29339,JosephMSchwartz@gustr.com,Busionea,864-592-7690,183,114.8,8/3/1967,"Simply Save",250-94-6673
American,2345,Ethier,Kay,R,"3523 Rosewood Lane",10004,KayREthier@cuvox.de,Majesigh1951,212-943-6667,162,93.4,6/21/1951,"The White Swan",080-54-7296
American,2346,Morgan,Shirley,T,"3636 Memory Lane",61085,ShirleyTMorgan@dayrep.com,Dowasobod1942,815-947-9415,159,100.8,9/25/1942,"Lindsley's Lumber",336-96-2821
American,2347,Davis,Keith,K,"2913 Still Pastures Drive",28202,KeithKDavis@einrot.com,Humeas,803-389-8119,181,108.5,8/27/1954,"Belle Ladi",249-60-8817
American,2348,Rutherford,Jared,J,"2373 Thunder Road",95134,JaredJRutherford@fleckens.hu,Saidence,650-487-3482,182,98.0,8/26/1942,MegaSolutions,563-26-8741
American,2349,Rodriguez,Henry,P,"2033 Butternut Lane",62450,HenryPRodriguez@teleworm.us,Imsess1948,618-508-8367,164,80.0,11/24/1948,"Giant Open Air",337-78-0968
American,2350,Wathen,William,M,"205 Earnhardt Drive",40299,WilliamMWathen@jourrapide.com,Chice1992,502-751-9113,185,97.1,12/2/1992,Quickbiz,404-02-0975
American,2351,Sievert,Frances,W,"2472 Sugar Camp Road",56155,FrancesWSievert@jourrapide.com,Calten,507-472-3617,165,89.9,6/8/1938,"Vitamax Health Food Center",471-72-8123
American,2352,Sholes,Dennis,C,"1783 University Hill Road",61938,DennisCSholes@dayrep.com,Peresperess,217-518-2065,166,87.2,2/28/1937,Sportswest,350-04-6390
American,2353,Mays,Renaldo,L,"2673 Duke Lane",07095,RenaldoLMays@cuvox.de,Swers1973,732-726-3238,169,98.5,4/3/1973,"Garden Master",158-82-2247
American,2354,Northcutt,Charles,S,"1655 Grim Avenue",92121,CharlesSNorthcutt@rhyta.com,Theeng96,619-797-9426,185,71.9,9/14/1996,Naturohair,621-96-4992
American,2355,Koss,Debbra,M,"1959 Hardesty Street",12010,DebbraMKoss@superrito.com,Grosse,518-394-1548,169,76.2,4/15/1994,"Rustler Steak House",103-01-7783
American,2356,Grant,Katherine,C,"4285 Terra Street",98109,KatherineCGrant@superrito.com,Rusequithe,360-304-5652,171,73.6,5/26/1991,"Town and Country Convenience Stores",531-05-8471
American,2357,Erickson,Judith,J,"3048 Gerald L. Bates Drive",02138,JudithJErickson@superrito.com,Rins1967,617-798-9802,161,85.4,5/31/1967,"Pergament Home Centers",022-09-2070
American,2358,Haynes,James,B,"1585 White Oak Drive",64106,JamesBHaynes@einrot.com,Mereass,816-701-8493,184,72.2,9/16/1987,"Hills Supermarkets",487-46-1203
American,2359,Behrens,Kacie,T,"537 Freshour Circle",78212,KacieTBehrens@rhyta.com,Undis1972,210-273-9382,154,73.0,9/4/1972,"Star Interior Design",460-21-2354
American,2360,Weishaar,William,G,"3220 Fancher Drive",75062,WilliamGWeishaar@fleckens.hu,Perep1934,214-257-4286,171,97.3,9/9/1934,Grossman's,627-07-4646
American,2361,Case,Clifford,B,"2001 Hummingbird Way",02141,CliffordBCase@gustr.com,Achwithed,781-919-2323,166,65.7,8/18/1934,"H. J. Wilson & Company",033-50-9690
American,2362,Muro,Allan,S,"1924 Sundown Lane",78701,AllanSMuro@armyspy.com,Darday,512-271-7935,185,115.8,6/6/1982,Beatties,449-43-7672
American,2363,Johnson,Erica,F,"4561 Ralph Drive",44052,EricaFJohnson@einrot.com,Wouspor,440-288-7637,172,59.5,1/3/1964,"Mission You",268-28-6175
American,2364,Newton,Patrick,E,"3131 Pooh Bear Lane",29601,PatrickENewton@armyspy.com,Enut1994,864-642-8161,172,76.7,10/10/1994,"Integra Investment Service",657-14-0694
American,2365,Stevenson,Eric,B,"3789 Travis Street",33436,EricBStevenson@armyspy.com,Ponforsittle,772-626-2782,173,62.0,11/15/1988,Merrymaking,267-58-1434
American,2366,Huynh,Yaeko,D,"3646 Oak Lane",64468,YaekoDHuynh@einrot.com,Prinaces41,660-671-9568,151,51.5,6/4/1941,"Strategy Planner",491-52-8034
American,2367,Stokes,Randall,E,"1722 Hayhurst Lane",48302,RandallEStokes@gustr.com,Sheentaide86,248-736-2356,168,67.0,1/30/1986,Muirhead's,380-17-4538
American,2368,Presley,Jerome,M,"935 Bottom Lane",14220,JeromeMPresley@fleckens.hu,Wherser,716-827-7907,165,69.8,5/13/1936,"Brilliant Home Designs",108-90-3752
American,2369,Maine,Linda,M,"1687 Eagle Drive",48219,LindaMMaine@jourrapide.com,Twore1973,734-775-6507,172,97.7,10/4/1973,"De-Jaiz Mens Clothing",374-05-2286
American,2370,Labarre,Ryan,N,"1698 Tyler Avenue",33128,RyanNLabarre@gustr.com,Goleyour,305-374-4596,182,94.4,7/22/1934,"Galaxy Man",263-90-2347
American,2371,Enriquez,Richard,E,"182 Brown Avenue",29360,RichardEEnriquez@teleworm.us,Alettere,864-981-7779,174,104.2,10/31/1955,"Ideal Garden Maintenance",249-41-7221
American,2372,Kozlowski,Renaldo,C,"4636 Shadowmar Drive",70122,RenaldoCKozlowski@fleckens.hu,Lazieution,504-816-9940,183,82.3,2/12/1957,"Mansmann's Department Store",433-48-4929
American,2373,Rodriguez,Kelley,M,"2747 Centennial Farm Road",51535,KelleyMRodriguez@fleckens.hu,Horabler,712-789-6699,164,82.1,9/28/1952,"Consumers Food and Drug",484-84-1962
American,2374,Shelton,Monica,A,"4766 Calico Drive",98801,MonicaAShelton@armyspy.com,Coundel,509-664-8064,162,50.5,12/8/1990,Hill-Behan,531-42-9970
American,2375,Shaver,Ben,W,"1285 Abia Martin Drive",10005,BenWShaver@armyspy.com,Mitudy84,631-530-3145,170,91.6,9/17/1984,"Belle Ladi",074-38-7115
American,2376,Brewer,Graciela,J,"3692 Abner Road",54847,GracielaJBrewer@gustr.com,Tiostiont40,715-372-1547,163,77.1,10/22/1940,"Dee's Drive-In",389-92-0327
American,2377,Grizzle,Casey,G,"2490 New Street",97701,CaseyGGrizzle@dayrep.com,Hadve1988,541-312-8275,171,68.0,3/17/1988,"Techo Solutions",541-68-7789
American,2378,Porter,Guadalupe,H,"3472 Martha Street",86505,GuadalupeHPorter@gustr.com,Formant,928-755-4018,181,106.7,6/22/1968,Gallenkamp,526-51-4793
American,2379,Sartor,Janice,E,"1822 Ashwood Drive",51239,JaniceESartor@dayrep.com,Lescistoop,712-439-8852,164,96.2,6/16/1959,"Gamma Realty",478-25-6594
American,2380,Stout,Edna,R,"3462 Lauren Drive",54670,EdnaRStout@cuvox.de,Powasion,608-435-9419,153,94.6,10/17/1936,"Lafayette Radio",387-84-8508
American,2381,Tynan,Carrol,D,"3133 Happy Hollow Road",28328,CarrolDTynan@gustr.com,Dishis,910-590-7260,163,51.6,5/19/1934,"PriceRite Warehouse Club",241-64-2054
American,2382,Trotter,John,J,"4865 Dovetail Drive",60606,JohnJTrotter@dayrep.com,Thetwor,847-321-7536,185,93.4,12/18/1983,"Sports Town USA",320-78-2066
American,2383,Barnes,Troy,M,"4920 George Avenue",36638,TroyMBarnes@dayrep.com,Thersom,251-401-0134,182,96.3,7/24/1937,"Handy Andy Home Improvement Center",419-96-3935
American,2384,Ross,Douglas,B,"2415 Hiddenview Drive",19103,DouglasBRoss@jourrapide.com,Whicas,215-933-4636,181,88.5,12/11/1951,"Food Fair",163-40-3352
American,2385,Hill,Charlie,T,"538 Pheasant Ridge Road",19107,CharlieTHill@fleckens.hu,Agaisaink,215-506-9604,179,65.1,7/31/1945,"Mighty Casey's",188-22-0579
American,2386,Schaefer,Jimmy,T,"3069 Denver Avenue",92507,JimmyTSchaefer@cuvox.de,Themall,951-527-7840,166,88.0,4/15/1967,"Friendly Interior Design",609-04-6616
American,2387,McCormick,Tracie,M,"4596 Oak Ridge Drive",63101,TracieMMcCormick@superrito.com,Butionly,573-552-1336,154,87.6,1/14/1951,"J. Brannam",499-56-3860
American,2388,Nichols,Marcella,D,"3206 Pretty View Lane",95472,MarcellaDNichols@fleckens.hu,Tanderies,707-827-4768,162,50.9,5/16/1935,"Avant Garde Appraisal",546-78-4852
American,2389,Anderson,Michael,L,"2725 Perine Street",22101,MichaelLAnderson@fleckens.hu,Throking,703-748-9261,186,66.0,9/11/1964,Wellby,699-01-4569
American,2390,Camacho,Timothy,F,"2186 Chicago Avenue",93721,TimothyFCamacho@dayrep.com,Witerictice,559-523-8567,167,96.5,6/21/1944,Ejecta,604-14-0035
American,2391,Allen,Christopher,L,"1328 Larry Street",53233,ChristopherLAllen@superrito.com,Realst,414-937-5046,184,95.7,10/18/1998,"EnviroSource Design",388-74-0222
American,2392,Stratton,Thomas,J,"2236 Fraggle Drive",60106,ThomasJStratton@dayrep.com,Withad64,630-324-3674,180,71.0,6/27/1964,"Custom Lawn Care",329-09-4170
American,2393,Hoffman,Tony,N,"1675 Burnside Avenue",84718,TonyNHoffman@teleworm.us,Witties,435-679-1656,164,73.9,5/1/1949,"New World",646-05-4297
American,2394,Thomas,Patricia,B,"2526 Hart Country Lane",30308,PatriciaBThomas@superrito.com,Pasper63,706-623-2231,162,88.4,5/1/1963,"Network Air",667-01-0313
American,2395,Whittaker,Greg,V,"3310 Columbia Boulevard",21215,GregVWhittaker@jourrapide.com,Coner1974,410-466-5605,181,91.7,7/23/1974,"Herman's World of Sporting Goods",214-33-4563
American,2396,Elston,Audrey,C,"1080 Coleman Avenue",92277,AudreyCElston@gustr.com,Uncerew,760-830-0423,162,91.8,7/4/1940,"Vibrant Man",613-11-1934
American,2397,Vega,Tracy,L,"4982 Clarence Court",91730,TracyLVega@rhyta.com,Theatione,909-987-0643,166,88.1,5/14/1945,"Team Designers and Associates",564-31-2328
American,2398,Bell,Carlos,M,"282 Brannon Street",90071,CarlosMBell@teleworm.us,Formened89,213-237-3024,185,75.7,10/18/1989,"Express Merchant Service",563-20-2222
American,2399,Ruby,Bessie,R,"785 Griffin Street",85282,BessieRRuby@rhyta.com,Herehim,602-326-4234,162,86.9,9/1/1943,"Turtle's Records & Tapes",765-10-1531
American,2400,Sawyer,Socorro,D,"3231 Clement Street",30303,SocorroDSawyer@jourrapide.com,Districe,404-496-6221,167,97.1,10/25/1966,"Buena Vista Realty Service",260-84-4103
American,2401,Hale,Eva,R,"1328 Hilltop Drive",79101,EvaRHale@einrot.com,Smilley1934,806-290-6156,161,67.0,12/21/1934,Martin's,458-42-8075
American,2402,Keener,Latoya,D,"3242 Archwood Avenue",82939,LatoyaDKeener@rhyta.com,Themplictur,307-709-3730,168,92.3,3/8/1962,"Red Robin Stores",520-45-4503
American,2403,Savage,Kimberly,S,"4000 Ben Street",12207,KimberlySSavage@dayrep.com,Shenton,518-258-9366,154,48.5,3/28/1987,"Eagle Food Centers",088-62-5262
American,2404,Billingsley,Charles,D,"4042 Still Street",45854,CharlesDBillingsley@fleckens.hu,Tromeen,419-649-0080,171,91.8,3/24/1961,Ole's,296-74-1024
American,2405,Kraatz,Terry,H,"1285 Hall Place",75783,TerryHKraatz@fleckens.hu,Daysim,903-763-3725,168,93.5,7/20/1989,Terra,644-76-6281
American,2406,Byrd,James,C,"134 Marshville Road",13731,JamesCByrd@jourrapide.com,Alses1955,845-676-0117,181,96.3,1/22/1955,"Reliable Garden Management",120-10-0126
American,2407,Massey,Neil,A,"4491 Heather Sees Way",74363,NeilAMassey@cuvox.de,Oppers,918-674-9198,176,81.7,4/12/1937,"Sky High Financial Advice",444-38-7019
American,2408,Bellamy,Fidel,S,"1739 Redbud Drive",10994,FidelSBellamy@armyspy.com,Elons1972,347-712-8262,182,84.9,1/5/1972,"Bresler's Ice Cream",127-14-0108
American,2409,Hill,Samantha,M,"2679 Meadow Lane",94103,SamanthaMHill@dayrep.com,Faturaved,707-276-8150,163,93.9,3/19/1990,"Big Star Markets",606-04-8603
American,2410,Perkins,Jack,L,"3031 Bell Street",10004,JackLPerkins@armyspy.com,Areat1933,212-200-7277,169,78.8,3/31/1933,Judy's,107-62-1058
American,2411,Lucero,Patrica,J,"4609 Hidden Meadow Drive",58783,PatricaJLucero@einrot.com,Mille1982,701-693-8076,166,86.2,6/7/1982,"Kids Mart",501-98-1423
American,2412,Osborn,David,V,"4988 Stoneybrook Road",32746,DavidVOsborn@armyspy.com,Overniusher98,321-543-9784,178,85.3,9/12/1998,"Odyssey Records & Tapes",768-36-8733
American,2413,Snodgrass,Jerry,J,"3295 Horner Street",44512,JerryJSnodgrass@rhyta.com,Deftern,330-965-0260,188,91.3,9/19/1967,"Total Sources",288-56-7002
American,2414,Jackson,Lillian,V,"1029 Hillcrest Lane",93453,LillianVJackson@teleworm.us,Yetrome,949-888-2768,157,99.8,3/3/1968,"The White Rabbit",547-39-2726
American,2415,Gay,Edward,K,"4400 West Drive",60606,EdwardKGay@einrot.com,Poted1963,312-458-2775,176,63.5,6/18/1963,Rickel,339-98-6810
American,2416,Johnson,Chris,C,"4107 Heritage Road",93270,ChrisCJohnson@gustr.com,Bitterephe,559-788-9619,178,87.1,2/4/1967,"Team Designers and Associates",550-35-2950
American,2417,Doby,Thomas,E,"3559 Charla Lane",75247,ThomasEDoby@einrot.com,Wiling,972-704-8619,172,91.9,11/14/1950,Sherman's,467-06-1131
American,2418,Jimenez,Walter,K,"2690 Jerry Toth Drive",99801,WalterKJimenez@einrot.com,Utmacksmay1957,907-463-6111,167,72.7,1/14/1957,"Listen Up",574-31-6175
American,2419,Thomason,Jeffrey,C,"11 Ashford Drive",20301,JeffreyCThomason@rhyta.com,Thips1961,703-697-8079,185,78.7,1/22/1961,"Turtle's Records & Tapes",691-03-1314
American,2420,Fitzpatrick,Elizabeth,G,"902 Godfrey Street",97005,ElizabethGFitzpatrick@rhyta.com,Suposed,503-574-2352,168,74.8,8/6/1955,"Kelsey's Neighbourhood Bar & Grill",541-76-0483
American,2421,Dawson,Carol,R,"1234 Bombardier Way",48235,CarolRDawson@gustr.com,Woulgethater,734-864-0631,151,67.7,8/17/1952,"Licorice Pizza",375-21-0763
American,2422,Goldston,Stephen,S,"1504 Hawks Nest Lane",63108,StephenSGoldston@dayrep.com,Thimsellaid,314-739-9220,171,83.6,12/7/1982,"Sears Homelife",495-38-1598
American,2423,Garza,Naomi,J,"3214 Thompson Street",90740,NaomiJGarza@rhyta.com,Finece,562-596-7661,153,80.8,9/20/1933,"Parklane Hosiery",624-64-4932
American,2424,Straka,Louis,E,"2555 Lyon Avenue",01581,LouisEStraka@rhyta.com,Suchaked,508-954-2820,174,94.7,1/15/1998,"Unity Frankford Stores",024-70-5011
American,2425,Fuller,Maria,P,"3541 Coventry Court",70814,MariaPFuller@einrot.com,Samelas,225-779-0504,167,83.5,8/21/1966,Sampson's,436-97-9031
American,2426,Cambell,Dawn,B,"890 Sugarfoot Lane",46254,DawnBCambell@superrito.com,Thasma,765-480-3377,167,51.6,12/31/1971,"Colonial Stores",310-13-4001
American,2427,Abrams,Steven,M,"3488 Devils Hill Road",39145,StevenMAbrams@cuvox.de,Gear1993,601-854-1507,167,104.1,3/5/1993,"Central Hardware",427-50-9590
American,2428,Fitch,Palma,C,"2270 Wescam Court",89501,PalmaCFitch@armyspy.com,Beggermse,775-986-2999,156,86.7,4/1/1980,"Harold Powell",680-20-9611
American,2429,Steele,Betty,R,"1051 Williams Lane",67202,BettyRSteele@einrot.com,Abstold1955,316-712-2585,166,81.3,2/26/1955,"Parts and Pieces",509-56-3507
American,2430,Ivory,Cleveland,D,"2116 North Bend River Road",40507,ClevelandDIvory@jourrapide.com,Youstion,606-731-9982,182,81.4,2/6/1975,"Belle Lady",405-72-1641
American,2431,Lawyer,Helen,J,"127 Copperhead Road",06108,HelenJLawyer@teleworm.us,Whost1939,860-610-2768,150,88.0,1/21/1939,Klopfenstein's,047-36-9298
American,2432,Thomas,John,A,"3936 Gregory Lane",40244,JohnAThomas@rhyta.com,Eiver1958,502-482-5486,179,98.2,9/22/1958,"Realty Zone",406-84-8942
American,2433,Middleton,Maria,L,"1090 Plainfield Avenue",13202,MariaLMiddleton@superrito.com,Culdrought,315-618-3070,165,57.8,4/22/1983,Adray,120-68-3368
American,2434,Leung,David,A,"2580 Buck Drive",84118,DavidALeung@armyspy.com,Maxed1983,801-966-0970,172,111.8,3/24/1983,"Wells & Wade",528-75-2872
American,2435,Carrasquillo,Shannon,J,"581 Green Avenue",94607,ShannonJCarrasquillo@einrot.com,Goiderearsur,510-754-5885,173,100.9,12/28/1977,"Buena Vista Garden Maintenance",567-04-3735
American,2436,Rodriguez,Scott,M,"870 Clinton Street",72211,ScottMRodriguez@gustr.com,Virs1966,501-203-3484,174,115.7,8/30/1966,"Mr. Clark's Appliances",678-07-9801
American,2437,Vargas,Robert,T,"382 Charla Lane",75247,RobertTVargas@rhyta.com,Sheithers,972-746-2564,182,94.2,9/13/1997,"Exact Solutions",642-14-5354
American,2438,Staudt,Sharon,M,"528 Isaacs Creek Road",62615,SharonMStaudt@rhyta.com,Frome1995,217-438-5592,170,50.8,5/9/1995,Wag's,351-84-2589
American,2439,Coleman,Ana,R,"3146 Berkshire Circle",37917,AnaRColeman@gustr.com,Genesplevess,865-755-0177,162,60.4,12/24/1960,"Magna Solution",409-59-2575
American,2440,Turner,Patricia,B,"4280 Woodland Drive",60457,PatriciaBTurner@armyspy.com,Caranown,708-974-3609,162,64.6,2/10/1984,Sambo's,330-18-2526
American,2441,Eiland,Bennett,C,"4648 Red Dog Road",28202,BennettCEiland@fleckens.hu,Youdly,704-369-6901,184,78.6,1/18/1946,"Frank's Nursery & Crafts",686-09-8027
American,2442,Macdonald,Cindy,D,"607 Kessla Way",29069,CindyDMacdonald@rhyta.com,Fouslond,843-326-5497,168,91.2,1/19/1998,"Gamma Gas",656-03-3162
American,2443,Christofferse,Emma,W,"3732 Layman Avenue",28328,EmmaWChristofferse@dayrep.com,Madinem,910-935-4995,153,96.7,12/19/1949,Galyan's,243-08-6126
American,2444,Nielson,Amy,A,"1374 Gambler Lane",77006,AmyANielson@jourrapide.com,Hiching,281-906-3604,165,97.5,2/5/1990,"Pak and Save",453-25-2780
American,2445,Ponce,Penny,R,"277 Fittro Street",72348,PennyRPonce@cuvox.de,Inglast,870-339-6547,169,62.2,1/6/1968,"Solid Future",430-39-1187
American,2446,Holman,Alice,O,"2087 Boring Lane",94108,AliceOHolman@armyspy.com,Eyettaking,415-636-1283,152,58.6,3/1/1950,"Funtown toys",549-34-9143
American,2447,Jones,Jessica,P,"4006 Spruce Drive",15301,JessicaPJones@dayrep.com,Trou1981,724-914-9289,167,91.5,10/6/1981,"Matrix Architectural Service ",171-58-7856
American,2448,Bates,John,M,"2171 Morris Street",78041,JohnMBates@superrito.com,Geds1954,830-352-2178,167,76.8,8/8/1954,Profitpros,632-12-1611
American,2449,Smith,Raymond,P,"1494 Sheila Lane",89501,RaymondPSmith@rhyta.com,Hapen1941,775-412-9695,177,90.8,3/6/1941,Afterthoughts,530-06-2067
American,2450,Haynes,Anna,G,"421 Armbrester Drive",90717,AnnaGHaynes@dayrep.com,Veteady,310-534-4497,156,64.9,1/14/1946,Konsili,625-52-9133
American,2451,Sims,Audry,P,"881 Kemper Lane",84401,AudryPSims@dayrep.com,Xxxxxis,801-827-1126,163,101.7,7/29/1939,HouseWorks!,528-01-2998
American,2452,Bohanan,Edna,A,"1332 Hall Street",86440,EdnaABohanan@fleckens.hu,Shorme,702-535-0808,166,62.5,9/10/1943,"MVP Sports",530-63-6627
American,2453,Shannon,Edna,R,"3100 Cabell Avenue",22205,EdnaRShannon@teleworm.us,Fractoggen,703-532-2696,166,74.5,11/27/1988,"Pro Garden Management",227-34-4853
American,2454,Kersh,Jeanne,J,"2625 Timber Ridge Road",95678,JeanneJKersh@rhyta.com,Adame1983,916-797-2080,156,61.2,4/18/1983,"Vitamax Health Food Center",572-13-7818
American,2455,Bracken,James,J,"4426 Richland Avenue",77487,JamesJBracken@einrot.com,Coustim,281-321-3757,180,72.6,7/3/1996,"Suadela Investment",452-64-8431
American,2456,Clary,Ida,S,"2565 Conifer Drive",98122,IdaSClary@jourrapide.com,Bardecome,425-555-6824,155,67.8,5/23/1934,"Western Auto",539-55-5896
American,2457,Monroe,Crystal,J,"4409 Turkey Pen Road",10007,CrystalJMonroe@rhyta.com,Whill1967,917-287-5031,161,53.3,12/7/1967,"Custom Lawn Care",106-38-3128
American,2458,Reyes,Jean,W,"4430 Swick Hill Street",70001,JeanWReyes@teleworm.us,Giceins1955,985-221-4396,171,70.0,5/27/1955,"John M. Smyth's Homemakers",433-04-5428
American,2459,Park,Eric,K,"4225 Plainfield Avenue",13221,EricKPark@cuvox.de,Hathand,315-634-2981,168,65.1,3/24/1933,"Source Club",088-44-1139
American,2460,Hall,Travis,D,"4917 Clover Drive",80903,TravisDHall@gustr.com,Youggedge1993,719-320-9215,174,80.7,1/10/1993,"Network Air",651-34-0731
American,2461,Miller,Lawanda,W,"1787 Cambridge Place",21061,LawandaWMiller@armyspy.com,Himespeof,410-553-4001,150,99.0,12/5/1939,"Red Bears Tavern",215-33-8552
American,2462,Atkinson,Kevin,W,"794 Marion Street",29201,KevinWAtkinson@superrito.com,Affeard,803-233-9459,184,99.7,11/6/1994,"Schaak Electronics",247-49-0441
American,2463,Thompson,Ronald,F,"2274 Point Street",60457,RonaldFThompson@jourrapide.com,Offrich,773-833-8969,180,96.4,4/5/1953,"Asian Solutions",318-50-4547
American,2464,Tankersley,Latonya,K,"1978 Nash Street",60610,LatonyaKTankersley@teleworm.us,Notholow,312-951-5805,163,96.5,5/16/1944,"Pro-Care Garden Maintenance",348-56-8077
American,2465,Briggs,Kathryn,J,"4013 Arlington Avenue",71923,KathrynJBriggs@fleckens.hu,Whas1956,870-230-1393,170,101.7,7/28/1956,"Matrix Architectural Service",678-07-6244
American,2466,Pelletier,Alexander,R,"4411 Goff Avenue",49007,AlexanderRPelletier@superrito.com,Atudeas,269-569-8859,172,58.2,5/16/1995,"Security Sporting Goods",366-34-0629
American,2467,Markley,Kathy,J,"1256 Clair Street",76637,KathyJMarkley@superrito.com,Lont1936,254-597-6271,162,64.9,12/13/1936,"De Pinna",459-55-2992
American,2468,Mosley,Charles,A,"4162 Seth Street",79601,CharlesAMosley@einrot.com,Vellut80,325-436-0422,174,72.0,8/12/1980,"Jackpot Consultant",633-02-5013
American,2469,Martinez,Dale,T,"3472 Saint Francis Way",53142,DaleTMartinez@rhyta.com,Caments,262-942-8639,174,65.0,1/22/1937,"Gene Walter's Marketplace",388-74-2511
American,2470,Sullivan,Keith,M,"1435 Orphan Road",14202,KeithMSullivan@armyspy.com,Richights1935,716-238-6103,168,60.5,4/5/1935,Keeney's,093-34-2387
American,2471,Reichert,Brian,E,"1536 Woodridge Lane",38127,BrianEReichert@gustr.com,Peoppon,901-354-1980,171,84.9,5/17/1980,"Tower Records",415-55-0187
American,2472,Rodriguez,Dawn,K,"4925 Tator Patch Road",60007,DawnKRodriguez@superrito.com,Feresher,312-873-8100,171,70.0,5/6/1948,"A Plus Lawn Care",359-84-0714
American,2473,Grant,Travis,S,"2463 Station Street",94612,TravisSGrant@jourrapide.com,Pereatiought,510-894-5112,170,79.6,2/23/1971,"Body Toning",570-44-2241
American,2474,Williams,Marie,J,"4651 Barnes Avenue",45202,MarieJWilliams@jourrapide.com,Sposithier,513-651-4553,167,77.4,10/19/1933,Ardan's,289-62-8667
American,2475,Whittaker,Maureen,T,"2360 Quiet Valley Lane",90017,MaureenTWhittaker@gustr.com,Maing1965,818-948-2677,155,53.9,5/29/1965,"Consumers Food and Drug",623-31-1579
American,2476,McNeil,Gladys,W,"86 Jewell Road",55402,GladysWMcNeil@einrot.com,Hadve1948,612-626-8500,154,55.9,9/5/1948,"Morrie Mages",472-14-2987
American,2477,Harris,Michael,L,"537 Kelly Street",28081,MichaelLHarris@teleworm.us,Warcullin74,704-939-1098,169,73.0,4/25/1974,"EnviroSource Design",685-03-3535
American,2478,Pineda,Florentina,R,"728 Fairway Drive",94612,FlorentinaRPineda@gustr.com,Havoccon,707-490-9791,162,52.7,6/26/1954,"A.J. August Fashion Wear",563-25-9172
American,2479,Matthews,Helen,E,"1843 Grove Street",11731,HelenEMatthews@einrot.com,Hemat1963,631-757-0560,167,82.9,12/14/1963,"Buehler Foods",073-78-7988
American,2480,Thomas,George,L,"1305 Wiseman Street",37917,GeorgeLThomas@jourrapide.com,Puppere1939,865-523-0200,178,93.0,4/10/1939,AdventureSports!,763-01-1934
American,2481,Chandler,Heidi,P,"4115 Keyser Ridge Road",27401,HeidiPChandler@dayrep.com,Thorry,336-534-3648,175,97.6,9/2/1996,"Team Designers and Associates",682-07-0732
American,2482,Woodhouse,Michael,K,"1167 Platinum Drive",15017,MichaelKWoodhouse@einrot.com,Fancessid,724-833-3794,184,78.3,7/19/1946,"A+ Investments",187-64-8930
American,2483,Jackson,Connie,J,"3834 Apple Lane",61602,ConnieJJackson@dayrep.com,Etted1965,309-240-3706,160,90.8,1/20/1965,"Pay'N Takeit",323-62-1303
American,2484,Daniel,Dora,T,"4086 Straford Park",40507,DoraTDaniel@rhyta.com,Haddearge83,606-620-6684,164,77.3,6/4/1983,Lazysize,400-55-4764
American,2485,Charles,Timothy,A,"4210 Monroe Avenue",34209,TimothyACharles@einrot.com,Beesic,941-761-4028,184,68.3,8/20/1943,"Four Leaf Clover",768-24-4296
American,2486,Rowlett,Leo,L,"527 Shadowmar Drive",70062,LeoLRowlett@jourrapide.com,Plousee,504-734-1119,189,91.4,7/6/1986,"Electric Avenue",435-14-1357
American,2487,Harley,Naomi,D,"289 Johnstown Road",60106,NaomiDHarley@einrot.com,Pree1940,847-447-5817,152,57.5,9/7/1940,Almacs,336-26-2867
American,2488,Kan,Stephen,A,"1285 Pinewood Drive",61257,StephenAKan@jourrapide.com,Morsitens,847-819-2483,185,101.0,3/18/1979,Warshal's,335-74-2088
American,2489,Pinckney,Jeffery,S,"712 Peck Street",03079,JefferySPinckney@rhyta.com,Hathe1996,603-896-4913,177,67.7,11/26/1996,"Ideal Garden Maintenance",003-02-5434
American,2490,Buffington,Juanita,J,"4491 Lightning Point Drive",38118,JuanitaJBuffington@dayrep.com,Monellead1936,901-492-6979,166,93.8,5/13/1936,"Four Leaf Clover",410-64-1363
American,2491,Nipp,Ruby,J,"1692 Clark Street",60631,RubyJNipp@teleworm.us,Fricul,630-965-0588,160,99.1,4/11/1964,"Childs Restaurants",319-22-3324
American,2492,Waters,Matthew,G,"2949 Elkview Drive",33301,MatthewGWaters@einrot.com,Pandrear,772-257-0897,179,97.7,2/6/1982,"Express Merchant Service",766-22-9344
American,2493,Stover,Charles,E,"4588 Waterview Lane",87501,CharlesEStover@teleworm.us,Caltin,505-412-7539,179,78.2,9/28/1954,"Pace Membership Warehouse",525-05-0048
American,2494,Wampler,Jonathan,J,"1939 Birch  Street",79927,JonathanJWampler@superrito.com,Thenery77,915-791-6129,175,87.7,6/24/1977,"Beasts of Beauty",452-45-2539
American,2495,Gross,Russell,L,"1035 Pallet Street",10994,RussellLGross@einrot.com,Sarem1943,914-357-6272,170,64.9,8/3/1943,"The Wiz",113-60-6083
American,2496,Jenkins,Signe,R,"3185 Coal Road",18224,SigneRJenkins@fleckens.hu,Mothenise,570-636-6545,154,84.3,9/16/1986,"Burger Chef",181-14-6914
American,2497,Booth,Margaret,R,"1276 Happy Hollow Road",27371,MargaretRBooth@cuvox.de,Morge1937,910-573-6477,155,58.8,12/13/1937,"EnviroSource Design",684-03-3106
American,2498,Pannell,Jesus,I,"1481 Duck Creek Road",94107,JesusIPannell@einrot.com,Hinfife1981,650-749-8071,184,92.8,5/20/1981,MegaSolutions,568-35-8122
American,2499,Guzman,Matthew,O,"1751 Post Avenue",56579,MatthewOGuzman@superrito.com,Jusing,218-867-7214,178,71.8,9/10/1965,"Baltimore Markets",472-04-7966
American,2500,Dancer,Robert,J,"2232 White Oak Drive",64015,RobertJDancer@gustr.com,Proured1953,816-622-7174,173,95.9,2/11/1953,"Modern Architecture Design",494-38-1305
American,2501,Jones,Kimberly,R,"4851 Randolph Street",02720,KimberlyRJones@armyspy.com,Ardiattle,508-674-1057,158,84.0,12/10/1999,"Rogers Food Stores",012-42-5520
American,2502,Douglas,Reatha,C,"4639 Arthur Avenue",60654,ReathaCDouglas@fleckens.hu,Hiscam,815-783-6519,173,86.4,7/30/1997,Judy's,360-76-7013
American,2503,Dismukes,David,B,"64 Clover Drive",81003,DavidBDismukes@cuvox.de,Samesessuld,719-288-7937,168,82.3,7/22/1993,"Computer City",521-85-2140
American,2504,Mohammad,Arlene,D,"3757 Bryan Avenue",55033,ArleneDMohammad@dayrep.com,Cournes,651-437-8501,170,94.0,4/22/1956,"Cut Rite Lawn Care",475-31-4716
American,2505,Catt,Gabriel,E,"4784 White Oak Drive",64055,GabrielECatt@cuvox.de,Lowed1946,816-678-8568,176,99.1,12/7/1946,"Tower Records",487-92-0237
American,2506,Mankin,Arthur,L,"3594 Earnhardt Drive",40299,ArthurLMankin@armyspy.com,Thaders,502-767-6571,185,115.4,4/24/1967,"The Pink Pig Tavern",406-12-8841
American,2507,Wills,Leticia,C,"3742 Jerome Avenue",78040,LeticiaCWills@rhyta.com,Saittely76,956-319-8152,163,60.2,2/15/1976,"Egghead Software",637-02-5264
American,2508,Urquhart,Jerry,A,"3345 Farland Avenue",78258,JerryAUrquhart@armyspy.com,Aftes1936,830-448-0826,170,80.5,2/14/1936,"Your Choices",467-99-3602
American,2509,Dawkins,George,G,"1629 Eden Drive",23219,GeorgeGDawkins@gustr.com,Wentepturter,804-828-4456,170,79.0,11/22/1999,"Edge Garden Services",692-03-5216
American,2510,Brown,Leila,M,"1936 Shadowmar Drive",70001,LeilaMBrown@teleworm.us,Welessay,504-842-3242,157,60.6,9/21/1998,"Parts America",662-10-7835
American,2511,Cheung,Bruce,P,"3425 Stockert Hollow Road",98109,BrucePCheung@rhyta.com,Exprod,425-886-6942,178,104.9,12/28/1946,"Full Color",531-57-7320
American,2512,Tenorio,John,G,"2295 Mapleview Drive",34689,JohnGTenorio@einrot.com,Rephrenothey,727-939-5178,176,64.1,5/25/1979,"The Wiz",593-61-1285
American,2513,Long,David,A,"382 Burnside Avenue",84536,DavidALong@gustr.com,Concestly1947,435-727-0555,170,96.0,5/9/1947,"Seamans Furniture",528-80-8703
American,2514,Herndon,Charles,B,"4062 Dale Avenue",98119,CharlesBHerndon@fleckens.hu,Eneas1942,253-753-0934,183,62.4,4/13/1942,"Little Tavern",538-62-5851
American,2515,Beyers,Justin,K,"2700 Echo Lane",49093,JustinKBeyers@teleworm.us,Lijjoing,269-816-8409,171,98.9,10/3/1996,Brendle's,382-68-2755
American,2516,Buggs,Clifford,P,"636 Poe Lane",66012,CliffordPBuggs@superrito.com,Expearre,913-441-5129,175,79.0,12/24/1983,"Flagg Bros. Shoes",510-04-5873
American,2517,McCullough,Shane,S,"1166 Desert Broom Court",07701,ShaneSMcCullough@dayrep.com,Butedinefs,201-688-3353,186,106.2,3/16/1993,"Children's Palace",155-30-3599
American,2518,Huang,Douglas,D,"1344 Gladwell Street",38002,DouglasDHuang@superrito.com,Spreart1968,901-867-1319,174,112.2,8/16/1968,"MVP Sports",761-01-5078
American,2519,Barnett,Linda,C,"886 Garfield Road",52803,LindaCBarnett@rhyta.com,Stime1990,309-707-1477,163,49.5,9/14/1990,"Eagle Hardware & Garden",342-10-5375
American,2520,Claypool,Eddie,Y,"1754 Elk Creek Road",30085,EddieYClaypool@jourrapide.com,Lornizen,770-498-9937,186,65.5,12/26/1961,"Mars Music",669-18-5366
American,2521,McCue,Leo,T,"4107 Waterview Lane",87102,LeoTMcCue@fleckens.hu,Scance,505-493-6908,185,99.8,12/21/1969,Netobill,525-14-6746
American,2522,Williams,Trina,J,"1472 Camden Street",89501,TrinaJWilliams@gustr.com,Forrankint,775-290-1815,158,91.3,11/11/1996,"Team Uno",530-22-9189
American,2523,Bolger,Francis,E,"1919 Ashcraft Court",92103,FrancisEBolger@fleckens.hu,Asse1956,619-317-1977,186,67.8,2/25/1956,"Coon Chicken Inn",559-86-0949
American,2524,Walters,Debra,J,"4866 Catherine Drive",58102,DebraJWalters@jourrapide.com,Niumpood,701-237-0161,167,51.2,12/17/1984,"Geri's Hamburgers",502-08-8818
American,2525,Macias,Roberto,R,"4013 Park Avenue",95814,RobertoRMacias@armyspy.com,Olle1940,916-506-9981,181,96.2,11/4/1940,"Gene Walter's Marketplace",608-56-3304
American,2526,Eastman,Laura,M,"2635 Perry Street",48420,LauraMEastman@jourrapide.com,Reupok1977,810-564-1916,162,83.0,4/29/1977,"White Hen Pantry",365-60-0154
American,2527,Miller,Phillip,G,"3962 College View",63101,PhillipGMiller@jourrapide.com,Dievendin,618-578-0683,172,71.3,2/7/1937,"The Record Shops at TSS",345-66-2418
American,2528,Harker,Annie,C,"1789 Tori Lane",84047,AnnieCHarker@superrito.com,Experwas,801-555-7067,156,63.6,11/19/1996,"Kenny Rogers Roasters",647-72-3738
American,2529,Benton,Edward,L,"3593 Trymore Road",55983,EdwardLBenton@dayrep.com,Fractoggen,507-824-3330,179,109.3,7/27/1984,"Hughes Markets",468-04-0949
American,2530,Tiedeman,Kimberly,R,"3502 Waterview Lane",88001,KimberlyRTiedeman@jourrapide.com,Aftecte,505-519-4860,152,52.6,5/10/1953,"Poore Simon's",585-41-1405
American,2531,Silva,Alice,M,"3770 Leisure Lane",93401,AliceMSilva@rhyta.com,Preritch,805-541-6215,161,64.6,9/21/1970,Delchamps,616-12-9590
American,2532,Hastings,Duane,N,"4174 Sunny Glen Lane",44115,DuaneNHastings@teleworm.us,Acconly,216-829-7525,180,87.9,6/17/1968,"Computer City",301-54-0467
American,2533,Fowler,William,S,"1695 Twin House Lane",65682,WilliamSFowler@gustr.com,Shess1953,417-535-4244,178,100.6,3/31/1953,Strawberries,492-80-3151
American,2534,Howard,Salvatore,S,"4276 Lightning Point Drive",38110,SalvatoreSHoward@gustr.com,Himeaugh,901-495-4040,166,70.7,3/15/1963,"Wise Solutions",413-68-0791
American,2535,Phillips,Elizabeth,F,"731 Clair Street",76701,ElizabethFPhillips@rhyta.com,Opetchas,254-752-3374,168,104.5,8/11/1940,"Life's Gold",466-30-9411
American,2536,Jackson,John,A,"2824 Clover Drive",81212,JohnAJackson@rhyta.com,Tattled,719-275-4395,171,97.7,11/6/1997,GEX,650-28-0617
American,2537,Fong,Marjorie,T,"4280 Diane Street",92507,MarjorieTFong@superrito.com,Brarms,805-421-5320,165,84.6,6/27/1986,"Robert Hall",548-36-9133
American,2538,Hildreth,Nancy,G,"4968 Kenwood Place",33311,NancyGHildreth@dayrep.com,Wilk1937,954-552-6920,167,89.2,12/26/1937,"Forth & Towne",264-52-4371
American,2539,Martin,Ella,E,"23 Oakwood Circle",92801,EllaEMartin@cuvox.de,Humet1974,949-374-2789,160,96.7,6/14/1974,Stratagee,570-40-0917
American,2540,Martinez,Joe,E,"3667 Hart Ridge Road",48730,JoeEMartinez@armyspy.com,Agentic,989-362-3184,164,88.4,9/14/1938,Nedick's,374-66-4727
American,2541,Pitts,Michael,H,"2160 Stonecoal Road",44820,MichaelHPitts@rhyta.com,Paroult,419-563-1502,186,93.5,3/25/1967,"Sunny's Surplus",271-52-0985
American,2542,Cisneros,Lindsey,T,"2503 Joyce Street",36602,LindseyTCisneros@superrito.com,Falk1972,251-732-1014,170,91.2,1/6/1972,"Dubrow's Cafeteria",419-92-4282
American,2543,Rackley,James,C,"3570 Vesta Drive",60618,JamesCRackley@teleworm.us,Sureed,773-730-9442,185,76.8,6/7/1963,"Knockout Kickboxing",330-05-8157
American,2544,Martinez,Ada,A,"2566 Kerry Way",90017,AdaAMartinez@dayrep.com,Hich1999,562-758-9585,152,81.3,3/18/1999,"The Original House of Pies",559-51-3791
American,2545,Townsend,Nathaniel,A,"3161 Wiseman Street",37929,NathanielATownsend@dayrep.com,Mitudy,865-395-9368,170,64.1,6/8/1937,Excella,409-60-2649
American,2546,Rosenthal,John,I,"638 Maryland Avenue",33566,JohnIRosenthal@dayrep.com,Bleffir,727-612-7013,188,79.5,3/11/1972,"Bodega Club",592-09-7883
American,2547,Wingfield,Bill,G,"794 Woodland Avenue",70458,BillGWingfield@dayrep.com,Gingive,985-661-2681,179,90.8,10/12/1945,"Total Sources",438-96-3467
American,2548,Summerlin,Brenda,T,"2858 George Street",32601,BrendaTSummerlin@einrot.com,Uptarterxed,352-548-7015,165,72.7,2/8/1939,"Body Fate",594-59-2242
American,2549,Brand,April,E,"4321 Clarksburg Park Road",85034,AprilEBrand@einrot.com,Ordear1986,928-279-1633,168,68.7,11/5/1986,"ABCO Foods",527-30-5478
American,2550,Moses,Stacy,J,"3366 Vineyard Drive",44131,StacyJMoses@fleckens.hu,Leting,440-342-8329,151,98.2,12/27/1944,"Red Baron Electronics",274-48-2290
American,2551,Priester,Jeffrey,D,"2213 Larry Street",53233,JeffreyDPriester@fleckens.hu,Cagoodge,414-799-3531,188,61.1,7/4/1995,"Lionel Kiddie City",390-22-8909
American,2552,Townsend,Frank,S,"2436 Radio Park Drive",31903,FrankSTownsend@teleworm.us,Thre1964,706-682-3789,177,69.2,8/15/1964,"Platinum Interior Design",670-28-9703
American,2553,Schmidt,Angelo,C,"145 Wright Court",35242,AngeloCSchmidt@teleworm.us,Fign1958,205-991-6838,166,90.8,12/26/1958,"Liberty Wealth Planner",422-32-5433
American,2554,King,Marie,D,"237 Daylene Drive",48154,MarieDKing@teleworm.us,Fard1973,734-666-1216,160,85.4,11/7/1973,"Jeans Unlimited",377-94-8469
American,2555,Wood,Troy,R,"4524 Frederick Street",95814,TroyRWood@cuvox.de,Forether,916-232-9174,177,66.4,6/3/1999,"Sounds Great, Inc",618-19-5045
American,2556,Meyer,Sheila,W,"1064 Goosetown Drive",28755,SheilaWMeyer@armyspy.com,Yesseresels,828-675-1247,168,60.7,3/28/1947,"Western Auto",687-01-2071
American,2557,Cline,Richard,S,"2821 Euclid Avenue",93401,RichardSCline@gustr.com,Withapers1945,805-270-8073,163,82.6,5/15/1945,"Wealthy Ideas",547-74-7396
American,2558,Armstrong,Viki,J,"925 Fidler Drive",78229,VikiJArmstrong@armyspy.com,Foreat,210-615-6868,166,77.7,10/27/1943,"Tee Town",640-58-7425
American,2559,Dahlen,Benjamin,E,"698 Hedge Street",07102,BenjaminEDahlen@einrot.com,Andesell1993,908-718-2907,176,63.0,8/4/1993,"Walt's IGA",147-34-8003
American,2560,Hilton,Olivia,K,"1334 Garrett Street",49093,OliviaKHilton@rhyta.com,Thimpturaw,269-244-3868,157,95.3,4/12/1938,"Leath Furniture",363-40-0705
American,2561,Carter,Colette,J,"3384 Parker Drive",44125,ColetteJCarter@dayrep.com,Ounflaysee,216-704-8054,164,44.7,4/7/1999,"Lionel Playworld",292-28-4093
American,2562,Wells,Darwin,S,"4701 Benedum Drive",10987,DarwinSWells@superrito.com,Thappy1997,845-351-7380,184,68.5,9/25/1997,"Bloom Brothers Furniture",058-05-1795
American,2563,Yazzie,Tom,S,"4385 Simpson Avenue",17053,TomSYazzie@teleworm.us,Pally1939,717-957-1780,171,81.5,9/5/1939,"Argus Tapes & Records",199-76-5251
American,2564,Frost,Adam,B,"3063 Colony Street",06103,AdamBFrost@einrot.com,Pallow,203-306-5896,168,79.8,7/20/1965,Fireball,049-94-5359
American,2565,Park,Stephen,K,"3060 Overlook Drive",47994,StephenKPark@superrito.com,Canot1965,765-275-5458,188,106.6,4/29/1965,"Susie's Casuals",314-82-5268
American,2566,Roberts,Aileen,D,"4680 Valley View Drive",02127,AileenDRoberts@superrito.com,Shmis1976,617-718-4344,155,87.5,4/18/1976,"Sound Advice",011-28-4739
American,2567,Cunha,Mark,L,"1450 Hall Valley Drive",26301,MarkLCunha@einrot.com,Sursee,304-624-0154,179,66.6,12/9/1946,"Rite Solution",233-18-9314
American,2568,Webster,Leonard,T,"648 Nutter Street",64012,LeonardTWebster@superrito.com,Esely1990,816-318-1960,183,76.5,4/29/1990,Marianne,498-98-5192
American,2569,Davis,Frederick,A,"4792 Brownton Road",39201,FrederickADavis@armyspy.com,Fied1953,662-380-7932,179,108.9,10/27/1953,"Rogers Food Stores",427-38-4559
American,2570,Scott,Charles,D,"4814 Leverton Cove Road",01109,CharlesDScott@cuvox.de,Saire1997,413-382-8576,190,73.6,12/23/1997,"Freedom Map",034-38-0582
American,2571,Stovall,Richard,N,"3801 Liberty Avenue",92621,RichardNStovall@gustr.com,Herity,714-529-4471,176,101.8,9/27/1987,Merrymaking,559-35-1162
American,2572,Stewart,Joshua,L,"1860 Hewes Avenue",21202,JoshuaLStewart@cuvox.de,Anifing,443-646-3509,177,69.8,10/27/1955,"Good Times",216-82-4930
American,2573,Bourassa,Linda,P,"671 Cambridge Court",72753,LindaPBourassa@armyspy.com,Vimme1945,479-846-0381,153,70.1,8/5/1945,"Infinity Investment Plan",679-01-3005
American,2574,Harmon,Clifford,L,"3490 Browning Lane",13335,CliffordLHarmon@dayrep.com,Beekese,607-965-2305,179,79.2,7/30/1989,Intelacard,084-09-2758
American,2575,Thomas,Geraldine,F,"3628 Dennison Street",95366,GeraldineFThomas@superrito.com,Trest1954,209-599-9031,168,87.0,10/11/1954,"Thom McAn Store",614-01-6651
American,2576,McCarty,Mary,S,"4437 Clair Street",76710,MarySMcCarty@gustr.com,Sathimpiou,254-730-7556,164,56.1,7/10/1947,"Paul's Record Hut",453-40-9904
American,2577,Anderson,Jennifer,K,"4866 Peck Court",92618,JenniferKAnderson@armyspy.com,Cande1996,949-542-8785,172,61.9,7/26/1996,"Schaak Electronics",612-01-6939
American,2578,Armendariz,Dianne,D,"3896 Earnhardt Drive",40065,DianneDArmendariz@armyspy.com,Womaked,502-647-8168,163,49.3,11/10/1944,"Childs Restaurants",404-53-9541
American,2579,Barlow,Delbert,P,"4966 Sardis Sta",75202,DelbertPBarlow@armyspy.com,Greentold,817-617-5507,169,85.6,3/1/1983,Newhair,636-16-6432
American,2580,Gunn,Joshua,J,"394 James Avenue",67213,JoshuaJGunn@superrito.com,Pary1969,316-214-5102,177,74.6,6/25/1969,Rink's,514-20-6821
American,2581,Sunseri,Matthew,S,"4669 Garrett Street",19108,MatthewSSunseri@gustr.com,Hable1955,267-973-9454,177,80.2,3/15/1955,"Rich and Happy",185-36-7883
American,2582,Cruz,Michelle,J,"2810 Bingamon Road",44132,MichelleJCruz@teleworm.us,Whichisatur,440-585-7367,168,56.6,9/23/1941,"Lindsley's Lumber",268-46-8058
American,2583,Ranney,Phyllis,J,"2391 B Street",55401,PhyllisJRanney@rhyta.com,Squels1944,651-689-1657,154,93.2,5/7/1944,"J. Riggings",472-04-9919
American,2584,Hoyt,Amanda,R,"3929 Sycamore Fork Road",55343,AmandaRHoyt@superrito.com,Andfular,952-933-3867,160,71.4,8/24/1950,"Jack Lang",472-07-7774
American,2585,Baucom,Roy,C,"94 Green Street",37064,RoyCBaucom@armyspy.com,Blead1974,615-595-5159,189,88.0,12/28/1974,"Integra Wealth",411-30-1784
American,2586,Evans,Donna,R,"1418 Wiseman Street",37929,DonnaREvans@cuvox.de,Doetince36,865-276-3385,168,92.6,7/2/1936,"Helios Air",414-94-8105
American,2587,Brock,Ahmed,M,"3298 Gandy Street",13202,AhmedMBrock@jourrapide.com,Diall1975,315-281-8768,183,82.1,12/26/1975,"Discount Furniture Showcase",076-52-8169
American,2588,Miller,Nathaniel,N,"188 Buckhannan Avenue",13118,NathanielNMiller@dayrep.com,Dirarew,315-497-1155,168,73.8,3/14/1947,"Best Products",059-10-8678
American,2589,Blue,Robert,J,"941 Highland View Drive",95668,RobertJBlue@armyspy.com,Coltake,916-655-5344,169,68.5,11/10/1942,"Thrift Auto Parts",570-04-4168
American,2590,Rivera,Sarah,D,"1941 Main Street",98052,SarahDRivera@dayrep.com,Youreput,425-755-7287,162,60.3,7/19/1979,Packer,532-07-0741
American,2591,Prahl,Virginia,J,"4027 Timber Ridge Road",95817,VirginiaJPrahl@gustr.com,Finediound,916-731-3620,169,94.4,7/29/1960,"Brand Names",556-06-5354
American,2592,Aguiar,Sadie,T,"2741 Edgewood Avenue",93704,SadieTAguiar@einrot.com,Conarthery,559-229-8126,165,88.7,7/29/1974,"Atlas Architectural Designs",617-80-9198
American,2593,Smith,Cecil,D,"373 Chardonnay Drive",98563,CecilDSmith@teleworm.us,Deach1996,360-249-2126,172,91.6,2/20/1996,Incluesiv,531-50-2657
American,2594,Foster,Sharon,R,"4803 Hart Ridge Road",48834,SharonRFoster@jourrapide.com,Andlonimper89,989-248-7775,171,95.9,5/22/1989,"Price's Electronics",362-01-8880
American,2595,Elston,Fletcher,C,"3523 Lonely Oak Drive",36603,FletcherCElston@superrito.com,Nellove1964,251-650-3826,174,98.6,12/4/1964,"Paul Harris",419-86-3930
American,2596,Tripp,Jacob,R,"568 Neuport Lane",30303,JacobRTripp@fleckens.hu,Ambeek,770-325-8254,183,88.2,2/4/1963,Handyman,256-76-9752
American,2597,Abrahams,Erica,P,"3246 White Avenue",78380,EricaPAbrahams@dayrep.com,Doner1976,361-767-8286,163,75.2,12/4/1976,"The Wall",632-36-9275
American,2598,Tasker,Ronald,N,"4487 Old House Drive",43081,RonaldNTasker@superrito.com,Halk1954,740-908-3540,170,103.6,5/27/1954,Wellby,274-24-1246
American,2599,Richardson,Connie,R,"2181 Rafe Lane",39201,ConnieRRichardson@gustr.com,Neigne,662-719-9700,158,100.4,3/18/1938,"Father & Son",428-07-2792
American,2600,Boyd,Ruby,A,"3442 Ashford Drive",22070,RubyABoyd@armyspy.com,Coutiek,703-648-9775,167,52.9,11/13/1967,Megatronic,696-01-5742
American,2601,Dowd,Laura,D,"3440 Seneca Drive",97205,LauraDDowd@cuvox.de,Makeles,503-909-2757,161,83.1,3/18/1991,"Honest Air Group",543-33-2823
American,2602,Bidwell,David,D,"1538 Deer Ridge Drive",07662,DavidDBidwell@cuvox.de,Alwaroullace1981,973-615-6507,186,108.4,11/19/1981,"Creative Wealth",139-74-6056
American,2603,Cox,Bryce,J,"3856 Heritage Road",93721,BryceJCox@rhyta.com,Thereshed,559-778-8236,182,91.2,5/22/1971,"Cardinal Stores",567-06-3069
American,2604,Rector,Roberta,J,"2669 Oakwood Circle",92614,RobertaJRector@armyspy.com,Raight,949-283-6636,153,60.8,7/27/1934,"Best Products",561-49-1371
American,2605,Kale,Grant,Y,"4639 Winifred Way",47968,GrantYKale@dayrep.com,Capsery,765-723-4963,175,74.1,11/20/1961,"The Network Chef",305-12-6062
American,2606,Foster,Eleanor,J,"1478 Hall Place",75604,EleanorJFoster@gustr.com,Lestout,903-754-5221,163,103.8,5/22/1984,"Asian Answers",458-13-7022
American,2607,Carson,Karl,I,"3457 Hillhaven Drive",90044,KarlICarson@gustr.com,Soperypear,323-786-4527,179,113.9,4/23/1970,"Gold Touch",567-53-0013
American,2608,Perez,Colleen,D,"1667 Pooh Bear Lane",29601,ColleenDPerez@superrito.com,Pasomenton94,864-751-8954,161,93.3,6/8/1994,"Harvest Foods",657-09-2982
American,2609,Schroeder,Clare,J,"66 Benedum Drive",10960,ClareJSchroeder@fleckens.hu,Ousba1979,845-348-0688,164,80.7,6/19/1979,"Buena Vista Realty Service",072-68-9968
American,2610,Valdivia,Carla,R,"1143 Hart Street",06103,CarlaRValdivia@gustr.com,Hoatherand,860-270-8730,162,67.1,5/19/1933,"World Radio",049-62-3850
American,2611,Knott,Charles,M,"1893 Pratt Avenue",98292,CharlesMKnott@gustr.com,Begine,360-939-3468,163,79.8,8/13/1947,"Monk House Maker",538-35-3673
American,2612,Clark,David,R,"995 Drummond Street",08901,DavidRClark@fleckens.hu,Allon1997,973-302-9645,172,105.2,2/18/1997,Laneco,145-82-5703
American,2613,Lott,Carol,A,"1382 Sheila Lane",89447,CarolALott@teleworm.us,Blennoreculd,775-465-6718,162,58.0,6/17/1944,"Sew-Fro Fabrics",530-30-8252
American,2614,England,Mariana,A,"4374 Breezewood Court",67202,MarianaAEngland@jourrapide.com,Plaids,620-366-7297,162,98.5,5/31/1968,"Superior Interactive",510-01-8589
American,2615,Young,Brent,D,"4144 Camden Place",10940,BrentDYoung@jourrapide.com,Folettelver,845-239-4813,182,75.0,11/8/1957,"Manu Connection",062-01-8624
American,2616,Jones,Lois,D,"4428 Abia Martin Drive",11717,LoisDJones@jourrapide.com,Obving,631-582-7490,164,69.2,11/8/1992,"Grand Union",077-40-4591
American,2617,Turner,Marcella,K,"1064 Drainer Avenue",32548,MarcellaKTurner@einrot.com,Thately,850-659-0701,153,103.9,2/20/1966,"Hugh M. Woods",590-12-0071
American,2618,Ball,Denise,K,"2018 Henery Street",46032,DeniseKBall@teleworm.us,Rivermind,317-208-9143,165,83.6,2/10/1975,Prospa-Pal,311-02-0542
American,2619,Taylor,David,S,"4320 Lochmere Lane",06511,DavidSTaylor@einrot.com,Whomplies,860-389-3438,167,76.1,5/2/1968,"Lawnscape Garden Maintenance",048-28-6846
American,2620,Priest,George,K,"717 Blackwell Street",99501,GeorgeKPriest@rhyta.com,Havinch,907-392-5359,169,62.1,10/30/1991,"Laughner's Cafeteria",574-30-7084
American,2621,Wright,Irene,F,"1783 Aspen Court",02109,IreneFWright@rhyta.com,Plinted,617-426-5629,164,65.8,7/22/1980,Ejecta,017-24-2873
American,2622,Ruffin,Henry,E,"2969 Cooks Mine Road",88101,HenryERuffin@teleworm.us,Onclueed,505-714-0051,185,90.3,8/12/1966,"Monk Home Loans",648-38-4779
American,2623,Johnson,Joan,J,"2588 Emerson Road",71235,JoanJJohnson@armyspy.com,Seleady,318-777-9108,159,80.5,6/28/1954,LoRay,435-03-9126
American,2624,Hoover,Ben,S,"487 Union Street",98109,BenSHoover@armyspy.com,Guitterotice,206-753-2555,178,83.8,4/17/1964,"Success Is Yours",533-22-8208
American,2625,Lambert,James,J,"984 Aaron Smith Drive",17404,JamesJLambert@fleckens.hu,Afte1994,717-781-4796,167,73.9,4/9/1994,"National Record Mart",185-82-7756
American,2626,Proulx,Melody,E,"4662 Woodside Circle",32301,MelodyEProulx@dayrep.com,Thimenfle,850-728-4882,159,85.4,6/6/1993,"Superior Appraisals",766-34-9346
American,2627,Woolridge,Danny,J,"990 Jacobs Street",15201,DannyJWoolridge@jourrapide.com,Queed1941,412-297-2536,173,72.6,2/6/1941,"Sears Homelife",189-76-7476
American,2628,Garza,Sam,V,"2402 Riverwood Drive",94260,SamVGarza@superrito.com,Wheint,530-416-1854,169,67.4,2/25/1977,"J. Brannam",626-45-0937
American,2629,Cairns,Samuel,S,"2892 Cherry Tree Drive",32202,SamuelSCairns@fleckens.hu,Hortudy,904-380-8254,172,89.1,4/21/1972,"Giant Open Air",766-12-6014
American,2630,Brown,Gary,D,"2036 Washburn Street",70802,GaryDBrown@cuvox.de,Advigul,225-338-6426,181,65.7,5/11/1960,"Polk Brothers",436-94-5875
American,2631,Sanders,John,A,"3080 Fleming Street",36109,JohnASanders@dayrep.com,Plics1999,334-409-8472,163,84.9,1/3/1999,"Sounds of Soul Records & Tapes",420-33-0782
American,2632,Holmes,Josephine,R,"3746 Virgil Street",32303,JosephineRHolmes@armyspy.com,Facher87,850-298-6665,166,49.2,6/11/1987,Purity,594-08-2078
American,2633,Soileau,Peter,M,"4004 Park Avenue",95821,PeterMSoileau@gustr.com,Thfuriene,916-489-7119,169,109.5,2/14/1958,"Rose Records",610-41-4811
American,2634,Moore,William,P,"2034 Ocello Street",92117,WilliamPMoore@dayrep.com,Oyarmsen,619-995-1877,172,104.1,10/14/1995,"Warner Brothers Studio Store",557-52-7761
American,2635,Broderick,Ginger,F,"4725 Ross Street",02138,GingerFBroderick@armyspy.com,Thels1951,617-998-1766,162,100.3,7/10/1951,"Lawn N' Order Garden Care",022-76-0376
American,2636,McVey,Cesar,D,"632 Irish Lane",54650,CesarDMcVey@rhyta.com,Coleaked1951,608-781-3708,179,81.1,4/7/1951,Romp,397-05-4626
American,2637,Wilber,James,H,"1389 Wood Street",48858,JamesHWilber@cuvox.de,Lien1992,989-204-4711,182,92.7,1/28/1992,"Shoe Pavilion",376-16-2678
American,2638,Whitehead,Madeline,D,"1389 Clay Street",46220,MadelineDWhitehead@jourrapide.com,Vauddeas,317-469-2858,154,65.4,3/2/1978,Muirhead's,317-23-8189
American,2639,Murphy,Albert,A,"3502 Passaic Street",20005,AlbertAMurphy@teleworm.us,Hoppled,202-266-6864,181,76.9,2/1/1990,"Sports Town USA",578-48-6622
American,2640,Clark,Ellen,W,"997 Raoul Wallenberg Place",06897,EllenWClark@rhyta.com,Prieved1966,203-834-2148,168,89.3,6/29/1966,Delchamps,043-58-5729
American,2641,Law,Patricia,J,"2860 Short Street",78701,PatriciaJLaw@jourrapide.com,Couseed,512-978-9050,154,60.0,10/9/1989,Prestigabiz,631-96-3193
American,2642,Hogan,Jennifer,J,"1708 Ersel Street",75216,JenniferJHogan@armyspy.com,Oway1981,214-374-3130,165,75.5,11/13/1981,"Gene Walter's Marketplace",467-81-5448
American,2643,Como,Carmen,P,"670 Buckhannan Avenue",13202,CarmenPComo@jourrapide.com,Ceshounce1970,315-418-1695,170,79.4,3/9/1970,"S&W Cafeteria",100-88-7175
American,2644,Ussery,Lisa,C,"2641 Stuart Street",16051,LisaCUssery@dayrep.com,Madearkagod,724-368-4942,154,62.8,7/11/1983,"Big Daddy's Restaurants",176-60-8068
American,2645,Alexander,Alba,P,"4303 Everette Alley",33308,AlbaPAlexander@teleworm.us,Constainey,954-739-7852,171,99.8,4/29/1946,"A Plus Lawn Care",267-65-2604
American,2646,Hailey,Clara,B,"179 Jewell Road",55402,ClaraBHailey@armyspy.com,Hiscirs,612-661-7318,166,81.0,2/26/1945,Heslop's,472-36-6950
American,2647,Millen,Theron,S,"283 Luke Lane",73737,TheronSMillen@jourrapide.com,Therpecan,580-227-1347,165,88.1,6/5/1944,"China Coast",446-08-6638
American,2648,Otero,Bianca,J,"1627 McDonald Avenue",32789,BiancaJOtero@einrot.com,Throas,407-927-1308,159,93.9,5/26/1983,"Sunflower Market",265-22-6308
American,2649,Dill,Leon,J,"3504 Reeves Street",53202,LeonJDill@dayrep.com,Coners,920-821-7106,185,78.0,5/12/1997,"Robert Hall",392-03-3791
American,2650,Kennedy,Ricky,P,"4650 Burke Street",02026,RickyPKennedy@dayrep.com,Racter,781-326-3016,178,76.2,11/26/1993,Schweggmanns,011-28-0824
American,2651,Holmes,Joshua,J,"4207 Chestnut Street",33610,JoshuaJHolmes@armyspy.com,Sinalle,727-439-9532,164,92.8,10/12/1939,Corpbay,594-92-4955
American,2652,Gardner,Ruby,E,"263 Sunny Day Drive",92647,RubyEGardner@superrito.com,Agron1948,714-842-3261,159,85.2,8/1/1948,MagnaSolution,554-70-6333
American,2653,Faulk,Joel,J,"2507 Five Points",21045,JoelJFaulk@cuvox.de,Incion,443-280-8466,164,67.2,3/1/1944,"Richman Brothers",212-69-8938
American,2654,Lessard,Roy,J,"3369 Argonne Street",19107,RoyJLessard@teleworm.us,Oblas1967,302-277-8381,176,87.5,1/6/1967,"Trak Auto",222-02-4937
American,2655,Nelson,Jose,S,"3864 Sunrise Road",89014,JoseSNelson@dayrep.com,Pribles,702-990-6807,185,65.2,5/1/1990,"County Seat",680-24-8503
American,2656,Fleming,Dorothy,E,"1398 Mill Street",29601,DorothyEFleming@einrot.com,Tinswas,864-271-7322,153,88.5,3/23/1960,"Mikro Designs",248-67-2435
American,2657,Losada,Edna,R,"288 Pearl Street",95827,EdnaRLosada@gustr.com,Usioures,916-364-4081,151,75.6,7/13/1934,"J. Riggings",614-58-5911
American,2658,Armstrong,Helen,V,"1508 Emeral Dreams Drive",60601,HelenVArmstrong@gustr.com,Dipt1951,815-331-6928,166,79.0,4/24/1951,"Music Plus",338-12-1614
American,2659,Espinoza,Kimberly,W,"2560 Round Table Drive",45011,KimberlyWEspinoza@cuvox.de,Therejorty,513-892-5293,167,54.3,1/22/1967,"Strategy Planner",284-74-5103
American,2660,Mossman,William,A,"4586 Diamond Cove",02903,WilliamAMossman@armyspy.com,Washeand,401-326-9538,176,95.3,10/14/1995,"Family Toy",039-16-3609
American,2661,Fish,Jesus,D,"4552 Bridge Street",74116,JesusDFish@armyspy.com,Humne1960,918-919-2417,183,109.0,6/18/1960,"Vitamax Health Food Center",444-30-7862
American,2662,Gourley,Chas,D,"1282 Victoria Court",04562,ChasDGourley@teleworm.us,Rebt1989,207-389-5725,173,87.3,3/13/1989,"Henry's Hamburgers",007-74-7272
American,2663,Barr,Charles,A,"4270 Hillhaven Drive",90017,CharlesABarr@einrot.com,Taily1941,323-847-6642,174,63.5,1/7/1941,"Channel Home Centers",607-51-0992
American,2664,Fleischmann,Richard,G,"2663 Confederate Drive",13440,RichardGFleischmann@superrito.com,Havemprought,315-709-9302,163,85.1,6/24/1934,Capitalcorp,079-05-3007
American,2665,Babcock,Janet,M,"1533 Davis Street",30521,JanetMBabcock@dayrep.com,Cosper,706-384-3385,167,95.9,4/22/1997,"Big D Supermarkets",254-43-0883
American,2666,Brock,Andrew,R,"4672 Woodhill Avenue",21620,AndrewRBrock@fleckens.hu,Froade,410-778-1392,178,64.2,11/19/1946,"Yesterday's Records",218-19-7341
American,2667,Barrera,Thomas,J,"1370 Wetzel Lane",49508,ThomasJBarrera@jourrapide.com,Sursee,231-308-5768,183,107.8,5/6/1991,"W. Bell & Co.",362-20-8340
American,2668,Ives,James,O,"4352 Boone Street",78409,JamesOIves@einrot.com,Cepearre1985,361-299-3464,179,86.1,5/26/1985,"Lindsley's Lumber",639-70-4483
American,2669,Arroyo,August,G,"2063 Vineyard Drive",44072,AugustGArroyo@superrito.com,Dody1996,440-338-2635,186,107.6,2/19/1996,HouseWorks!,297-68-9481
American,2670,Walkup,Betty,J,"3028 Chipmunk Lane",04862,BettyJWalkup@rhyta.com,Ardeculd,207-785-7459,164,71.1,6/10/1949,"Bloom Brothers Furniture",005-32-1563
American,2671,Krehbiel,Dustin,M,"4717 Havanna Street",27401,DustinMKrehbiel@rhyta.com,Habound1939,336-347-2897,166,74.9,2/23/1939,"Coffey's Market",687-09-9365
American,2672,Sorensen,Elizabeth,F,"4895 Sugarfoot Lane",46901,ElizabethFSorensen@fleckens.hu,Artand,765-454-1369,165,62.2,11/23/1987,"Bennett Brothers",307-66-4975
American,2673,Cochran,Joyce,R,"825 Gateway Avenue",92614,JoyceRCochran@cuvox.de,Sagem1957,661-857-5544,156,64.2,12/11/1957,"Bloom Brothers Furniture",621-33-5620
American,2674,Jones,Mary,J,"3753 Petunia Way",35203,MaryJJones@dayrep.com,Gelon1990,205-828-2170,155,78.3,12/5/1990,"Network Air",420-28-4164
American,2675,Hickey,Perla,D,"4496 School Street",20024,PerlaDHickey@teleworm.us,Themady,202-927-1474,157,74.5,3/27/1952,Multicerv,577-19-6670
American,2676,Wharton,Juanita,C,"3391 Brookside Drive",35401,JuanitaCWharton@einrot.com,Shance56,205-248-4923,171,90.7,7/14/1956,Prestigabiz,421-07-0475
American,2677,Thomas,Thelma,W,"648 Lyndon Street",18067,ThelmaWThomas@rhyta.com,Alwastion,610-698-4544,158,99.1,1/23/1981,"E-zhe Source",193-18-8824
American,2678,Peters,Nellie,B,"1195 Jerry Toth Drive",99612,NellieBPeters@rhyta.com,Feellen,907-497-0228,157,94.4,12/27/1970,"Roadhouse Grill",574-16-0641
American,2679,Williamson,Destiny,G,"910 Fairmont Avenue",64106,DestinyGWilliamson@superrito.com,Emberought,660-243-8087,164,84.3,5/6/1987,Prestiga-Biz,489-23-0385
American,2680,Collins,Angela,P,"4501 Edington Drive",30318,AngelaPCollins@einrot.com,Fecky1939,678-761-3196,150,107.2,10/24/1939,Merry-Go-Round,259-58-1298
American,2681,Petty,Timothy,C,"3850 Golden Street",33179,TimothyCPetty@rhyta.com,Aloviely76,305-651-0593,188,96.9,3/18/1976,"Monk Real Estate Service",589-69-1279
American,2682,Raker,Maria,L,"2353 Ferguson Street",02127,MariaLRaker@armyspy.com,Iver1975,508-525-1360,165,76.2,12/4/1975,"Egghead Software",026-76-6543
American,2683,Rogerson,Jacklyn,C,"3904 Sand Fork Road",46939,JacklynCRogerson@teleworm.us,Tholdrie1938,574-653-2010,153,68.1,6/30/1938,"Eagle Food Centers",308-23-3063
American,2684,Ponce,Barbara,C,"3608 Ingram Road",27101,BarbaraCPonce@dayrep.com,Speat1952,336-558-8011,163,70.8,9/11/1952,"Strength Gurus",243-58-8252
American,2685,Goolsby,Willard,A,"2950 Elkview Drive",33166,WillardAGoolsby@jourrapide.com,Youbseep,772-412-0537,165,69.4,9/28/1955,"Nelson Brothers",592-01-5672
American,2686,Gold,Jackie,E,"1392 Kidd Avenue",99501,JackieEGold@jourrapide.com,Enesuatims,907-824-9461,168,101.7,6/21/1996,"Belle Lady",574-09-1852
American,2687,Mitchell,Justin,J,"1862 Barnes Avenue",45236,JustinJMitchell@jourrapide.com,Rectess,513-675-1072,186,101.7,3/19/1989,"Matrix Architectural Service ",281-90-6666
American,2688,Escobar,Herman,T,"3945 Ingram Road",27203,HermanTEscobar@superrito.com,Supot1933,336-633-0170,170,77.9,9/25/1933,"Magik Grey",688-01-5301
American,2689,Henderson,Brenda,J,"2965 Pooz Street",08753,BrendaJHenderson@teleworm.us,Matuareen83,732-244-3377,175,61.6,7/7/1983,"Omni Superstore",144-90-0468
American,2690,Jackson,Frances,D,"2074 Cantebury Drive",10523,FrancesDJackson@armyspy.com,Wissn1996,646-533-9915,164,76.4,9/21/1996,Gamble-Skogmo,108-48-8637
American,2691,Bright,Carl,B,"2660 Private Lane",31701,CarlBBright@superrito.com,Kationds,229-262-5655,176,90.0,3/10/1992,"Mr Fables",255-68-0024
American,2692,McCollum,Margaret,E,"2141 Williams Lane",67202,MargaretEMcCollum@jourrapide.com,Plearrould,316-655-2649,162,98.4,8/4/1977,"WWW Realty",512-15-1085
American,2693,Christopher,John,L,"4242 Terry Lane",32801,JohnLChristopher@fleckens.hu,Plon1934,321-233-8665,176,60.1,11/25/1934,"National Lumber",592-97-5158
American,2694,Mason,Larry,E,"4067 Grove Street",11530,LarryEMason@dayrep.com,Nobled,631-747-1173,173,73.8,5/23/1947,"The Sample",072-76-3167
American,2695,Shire,Richard,J,"1052 Stratford Court",27701,RichardJShire@dayrep.com,Sionsity,919-680-3018,169,66.1,7/21/1939,"House Works",687-05-2599
American,2696,King,Richard,D,"3217 Oakway Lane",91766,RichardDKing@armyspy.com,Millas,818-285-5625,184,83.1,5/12/1980,"Buena Vista Garden Maintenance",562-99-5345
American,2697,Bolen,Judith,S,"3902 West Fork Street",59501,JudithSBolen@dayrep.com,Buthrotimily,406-394-7571,167,53.5,12/17/1986,"Kenny Rogers Roasters",516-31-2831
American,2698,Hayes,Laura,C,"210 Poplar Lane",33142,LauraCHayes@rhyta.com,Warrhatiou,305-560-2451,166,101.0,1/21/1966,"Foreman & Clark",770-12-6683
American,2699,Foster,Molly,F,"2048 Walnut Avenue",83814,MollyFFoster@fleckens.hu,Mathervenrat1987,208-819-5032,166,103.7,12/31/1987,"Mighty Casey's",519-31-6977
American,2700,Egan,Martin,K,"535 Goldcliff Circle",20019,MartinKEgan@einrot.com,Altakeen,202-584-3088,187,65.0,12/17/1965,Orion,578-23-5308
American,2701,Cortez,Cheryl,J,"4726 Watson Street",08102,CherylJCortez@jourrapide.com,Astord,609-722-3156,160,95.1,4/15/1965,"Independent Wealth Management",140-17-5042
American,2702,Gunter,Curtis,K,"3957 Apple Lane",61455,CurtisKGunter@einrot.com,Frouninclues83,309-298-8972,190,96.1,12/15/1983,"A. L. Price",345-82-4583
American,2703,Campbell,Bart,E,"4185 Willow Oaks Lane",70507,BartECampbell@cuvox.de,Feas1987,337-319-0533,173,103.5,10/31/1987,Brendle's,664-03-6614
American,2704,Wilder,Noel,L,"3956 Christie Way",01720,NoelLWilder@cuvox.de,Therry,978-763-8140,181,108.1,9/15/1968,"Woolf Brothers",017-62-1875
American,2705,Hilliard,Kurtis,P,"4013 Hummingbird Way",02110,KurtisPHilliard@jourrapide.com,Stratiout,781-926-8499,187,76.9,2/3/1999,"Security Sporting Goods",019-76-1525
American,2706,Brown,Ana,A,"3592 Melville Street",38002,AnaABrown@gustr.com,Hishowas51,731-412-0273,154,67.1,8/12/1951,"Reliable Investments",409-70-0968
American,2707,Bradshaw,Eleanor,E,"856 Dane Street",99201,EleanorEBradshaw@jourrapide.com,Epaid1958,509-216-2641,164,72.5,3/16/1958,"Parklane Hosiery",537-20-1642
American,2708,Oppenheimer,Richard,C,"414 Stratford Park",47630,RichardCOppenheimer@einrot.com,Vicheire,812-842-7536,173,79.7,9/3/1986,"White Tower Hamburgers",313-09-3469
American,2709,Stanley,Judy,B,"1601 Valley View Drive",02141,JudyBStanley@armyspy.com,Ourty1991,617-714-5578,174,70.7,3/16/1991,"Budget Power",029-46-4028
American,2710,Kelly,Heather,M,"4681 Finwood Road",08537,HeatherMKelly@dayrep.com,Imperesed,732-515-7750,157,60.9,3/5/1945,"Super Saver Foods",146-72-3261
American,2711,Abbey,Gary,L,"4553 Pearl Street",95814,GaryLAbbey@cuvox.de,Thenstaking46,916-321-6439,182,84.9,5/20/1946,"Nan Duskin",560-81-6790
American,2712,Taylor,Louis,D,"4854 Fannie Street",77020,LouisDTaylor@superrito.com,Hichatentir,979-203-4810,188,103.3,9/29/1990,"id Boutiques",643-62-3467
American,2713,Knutson,Laverne,C,"2223 Stonecoal Road",44902,LaverneCKnutson@fleckens.hu,Doorguichat95,419-566-3295,157,67.4,3/28/1995,"Omni Source",293-80-4250
American,2714,Cameron,Heather,W,"4114 Steele Street",60523,HeatherWCameron@cuvox.de,Coad1939,630-634-6849,166,71.2,8/15/1939,"EnviroSource Design",329-32-6957
American,2715,Whaley,Na,W,"819 Flint Street",30303,NaWWhaley@gustr.com,Wharleas,678-279-2259,150,48.8,2/28/1940,"Edge Yard Service",258-82-4224
American,2716,Jackson,Paula,P,"1184 Brown Street",94596,PaulaPJackson@armyspy.com,Hathapasse97,925-977-2588,171,77.0,11/10/1997,"Budget Tapes & Records",550-52-2317
American,2717,Huson,Betty,F,"4719 Mayo Street",40507,BettyFHuson@superrito.com,Hisaim,859-651-8652,158,81.3,9/26/1947,Stratabiz,404-23-6185
American,2718,Brown,Kristina,S,"107 Griffin Street",85018,KristinaSBrown@armyspy.com,Affeateephy,602-224-1176,153,63.8,8/31/1945,"The Polka Dot Bear Tavern",601-03-3573
American,2719,League,Jeremiah,L,"4936 Green Gate Lane",21202,JeremiahLLeague@fleckens.hu,Posixed1966,443-782-2981,180,76.5,5/12/1966,"Gamma Gas",213-38-0805
American,2720,Butts,Theresa,D,"4753 Counts Lane",45203,TheresaDButts@rhyta.com,Sque1985,859-960-5372,169,74.8,2/22/1985,"Big A Auto Parts",407-44-7912
American,2721,Johnson,Curtis,V,"1871 Heliport Loop",47715,CurtisVJohnson@jourrapide.com,Magere,812-661-8561,189,74.2,5/4/1973,"Olson's Market",317-09-2593
American,2722,Holstein,Jonathan,C,"410 Carolyns Circle",75202,JonathanCHolstein@armyspy.com,Taim1956,214-744-7269,181,69.4,7/15/1956,Tianguis,457-93-9005
American,2723,Mitchell,Kristin,M,"375 Upland Avenue",44890,KristinMMitchell@gustr.com,Laceirdid,419-933-6461,170,77.2,1/15/1989,"Our Own Hardware",272-28-1784
American,2724,Smith,Janet,M,"696 High Meadow Lane",17815,JanetMSmith@teleworm.us,Whover,570-556-5073,163,87.2,11/4/1983,"DGS VolMAX",180-10-3657
American,2725,Romriell,Kelly,M,"4290 Tree Top Lane",08232,KellyMRomriell@dayrep.com,Firessin,609-992-6985,168,74.1,10/9/1946,"Super Shops",141-24-8088
American,2726,Pickerel,William,G,"4474 Smithfield Avenue",79101,WilliamGPickerel@jourrapide.com,Tharste,806-654-9447,187,113.4,3/8/1980,Jacobs,637-14-6749
American,2727,Davis,Gloria,J,"1099 Jerome Avenue",78539,GloriaJDavis@teleworm.us,Ophy1958,956-383-6616,158,72.2,11/9/1958,"Odyssey Records & Tapes",635-68-6420
American,2728,Smith,Christina,J,"4541 Parkway Drive",85705,ChristinaJSmith@fleckens.hu,Blescither,520-461-4966,169,65.3,3/23/1963,"Zephyr Investments",526-49-1900
American,2729,Curtis,Dorothy,R,"4857 Cambridge Court",72756,DorothyRCurtis@teleworm.us,Torme1979,479-986-9408,170,99.6,1/1/1979,"Infinite Wealth Planners",677-09-0889
American,2730,Miller,Anne,D,"3248 Sundown Lane",78736,AnneDMiller@jourrapide.com,Stee1963,512-301-8392,157,56.6,7/16/1963,"Custom Lawn Care",628-46-0635
American,2731,Richardson,Marjorie,C,"3570 Robinson Court",48755,MarjorieCRichardson@superrito.com,Mumbrint,989-453-7162,165,72.7,4/3/1982,"Superior Appraisals",363-52-9332
American,2732,Crooker,Edward,M,"4441 Giraffe Hill Drive",75207,EdwardMCrooker@cuvox.de,Hathics,972-314-0531,168,107.9,12/19/1972,"Strength Gurus",457-26-7227
American,2733,Sisco,Angela,D,"62 Mayo Street",40507,AngelaDSisco@einrot.com,Mandery37,859-629-2236,162,68.1,12/10/1937,"Big Wheel",400-29-1612
American,2734,Moran,Marjorie,S,"704 Doe Meadow Drive",20705,MarjorieSMoran@cuvox.de,Rehilict,301-572-6954,163,93.8,6/13/1987,"Fisher Foods",217-70-2835
American,2735,Hampton,Katy,S,"2102 Blackwell Street",99506,KatySHampton@fleckens.hu,Froff1999,907-446-1886,154,61.7,10/26/1999,"Egghead Software",574-94-0455
American,2736,Estrada,Minerva,L,"3753 Romano Street",02141,MinervaLEstrada@gustr.com,Afroackly,781-399-4708,172,100.9,4/9/1966,"The Polka Dot Bear Tavern",020-78-1639
American,2737,Mortensen,Margaret,K,"888 Carter Street",62960,MargaretKMortensen@superrito.com,Trince,618-721-9023,161,77.6,7/4/1997,"Del Farm",344-03-7694
American,2738,Thompson,Myles,M,"1812 Freedom Lane",95204,MylesMThompson@armyspy.com,Suchemsess,209-320-7129,179,60.3,6/10/1998,Megatronic,565-46-6204
American,2739,Solis,Nina,L,"2511 Hawks Nest Lane",63146,NinaLSolis@cuvox.de,Hento1978,314-713-4511,165,52.9,7/14/1978,"Budget Tapes & Records",486-06-5738
American,2740,Petersen,Sara,C,"4399 Jessie Street",43201,SaraCPetersen@teleworm.us,Womustand,740-628-3568,166,58.9,6/12/1937,"Listenin' Booth",290-86-0043
American,2741,Willard,Peter,A,"2480 Pine Tree Lane",20705,PeterAWillard@fleckens.hu,Andescols,240-486-5484,179,91.1,4/2/1973,"Zephyr Investments",217-73-9196
American,2742,Coleman,John,C,"3268 Massachusetts Avenue",20005,JohnCColeman@gustr.com,Culoak,202-737-2864,162,90.4,6/26/1935,"Las Vegas Yard Management",577-64-3377
American,2743,Schaffner,Felix,C,"2209 May Street",42501,FelixCSchaffner@rhyta.com,Wrin1946,606-278-6915,178,85.1,2/5/1946,"A+ Investments",400-23-0735
American,2744,Reyes,Doug,S,"1093 Wayside Lane",94587,DougSReyes@armyspy.com,Bizin1938,510-324-2548,183,100.0,4/9/1938,"Sun Foods",555-48-3445
American,2745,Smith,Jerry,G,"430 Ashmor Drive",56649,JerryGSmith@teleworm.us,Wheared,218-285-2281,187,94.9,11/3/1998,"Rose Records",473-33-9656
American,2746,Hernandes,Patricia,D,"521 Cameron Road",14301,PatriciaDHernandes@armyspy.com,Ancamand63,716-285-9565,172,85.8,12/21/1963,"Sunny Real Estate Investments",104-68-8095
American,2747,Hahne,James,L,"2497 Woodridge Lane",38134,JamesLHahne@fleckens.hu,Praid1983,901-387-5430,184,101.8,8/28/1983,"Electronics Source",758-01-5638
American,2748,Brown,Thomas,L,"1075 West Drive",61257,ThomasLBrown@fleckens.hu,Syrument,312-510-7308,177,78.0,9/19/1982,Merry-Go-Round,320-03-5464
American,2749,Perry,Willie,L,"3311 Payne Street",77032,WillieLPerry@armyspy.com,Hatqual,281-235-6741,174,72.9,1/16/1954,"Buehler Foods",641-98-2923
American,2750,Oliver,Alan,C,"4549 Concord Street",28226,AlanCOliver@rhyta.com,Affire,704-541-6609,168,78.3,10/7/1975,"Chief Auto Parts",241-78-6030
American,2751,Mitchell,Jesus,G,"511 Pretty View Lane",94103,JesusGMitchell@armyspy.com,Thereply,707-885-8122,172,112.6,1/13/1975,"Singer Lumber",549-46-7042
American,2752,Stegall,John,K,"4971 Wines Lane",77002,JohnKStegall@cuvox.de,Ciontert,832-369-1756,183,85.2,12/7/1977,"Carter's Foods",633-80-8255
American,2753,Montemayor,Jenette,J,"4267 Daffodil Lane",20763,JenetteJMontemayor@fleckens.hu,Gelon1942,703-422-5459,155,72.5,8/23/1942,Thorofare,231-88-1730
American,2754,Logan,Roy,K,"2031 Nutter Street",64015,RoyKLogan@dayrep.com,Itaing,816-220-3076,167,74.6,8/18/1963,"Simply Appraisals",490-14-1354
American,2755,Pace,Helen,D,"4025 Peaceful Lane",44128,HelenDPace@gustr.com,Chember1969,216-388-0952,168,99.3,6/3/1969,Veramons,294-16-6151
American,2756,Richardson,Mary,R,"3145 Rainy Day Drive",02142,MaryRRichardson@jourrapide.com,Scang1955,617-996-4271,172,59.7,12/23/1955,"Montana's Cookhouse",011-09-8087
American,2757,Harris,Victoria,W,"2326 Hall Street",89101,VictoriaWHarris@dayrep.com,Histiong,702-441-1990,156,74.0,2/18/1945,Muirhead's,680-68-1198
American,2758,Caton,Dale,J,"4386 Elsie Drive",03053,DaleJCaton@gustr.com,Threatheen73,603-998-9385,169,112.3,1/25/1973,"Jack Lang",002-16-8809
American,2759,Smith,Marie,J,"3742 Burnside Court",85256,MarieJSmith@gustr.com,Anight91,602-344-0399,168,65.3,11/16/1991,"Total Yard Management",526-67-4779
American,2760,Jacobs,Jennifer,J,"1550 Cemetery Street",93901,JenniferJJacobs@einrot.com,Havemprought,831-717-9630,170,74.8,5/2/1962,"Blockbuster Music",622-25-0328
American,2761,Proctor,Christina,J,"2824 South Street",79701,ChristinaJProctor@armyspy.com,Exork1968,432-655-3604,161,85.2,4/28/1968,"Schaak Electronics",631-48-3672
American,2762,Redd,Sandra,J,"1315 Jewell Road",55104,SandraJRedd@teleworm.us,Prommented1953,612-609-8512,156,73.9,10/30/1953,Silo,476-42-0991
American,2763,Keller,Richard,R,"1903 Horner Street",36867,RichardRKeller@cuvox.de,Busnabod,334-214-6841,170,64.9,4/25/1956,"Great Clothes",423-03-3468
American,2764,Kane,Robyn,R,"1535 Wetzel Lane",49503,RobynRKane@dayrep.com,Blid1993,231-274-7772,170,46.3,2/21/1993,"Suncoast Video",372-31-5039
American,2765,Chen,Abigail,R,"1913 Hardman Road",05860,AbigailRChen@einrot.com,Mycrally74,802-754-2791,173,87.3,2/26/1974,"Full Color",008-05-4520
American,2766,Dunning,Carol,W,"575 Chenoweth Drive",37214,CarolWDunning@superrito.com,Compay,931-457-7502,156,75.4,11/14/1937,Metro,411-23-2990
American,2767,Henderson,Christopher,L,"4176 Thunder Road",94070,ChristopherLHenderson@cuvox.de,Nowd1994,650-551-0407,168,61.3,9/26/1994,"Music Boutique",552-57-7621
American,2768,Hundt,Lynette,D,"4781 Lake Forest Drive",66048,LynetteDHundt@jourrapide.com,Owittionfe,913-946-1524,155,51.3,4/11/1933,"Champion Auto",512-58-9638
American,2769,Peters,Jerry,M,"1651 Robinson Lane",43050,JerryMPeters@fleckens.hu,Whisner,740-399-1173,182,90.9,11/29/1996,"Ideal Garden Management",286-01-7214
American,2770,Cook,Goldie,J,"4670 Don Jackson Lane",96826,GoldieJCook@armyspy.com,Youblive,808-955-4512,164,81.1,4/30/1935,"Royal Gas",750-01-1039
American,2771,Kilbourne,Walter,D,"988 Maple Street",90017,WalterDKilbourne@gustr.com,Hinquit,714-333-5097,172,62.1,11/21/1933,"Cut Rite Lawn Care",561-29-1867
American,2772,Moore,David,S,"1386 Virgil Street",32501,DavidSMoore@rhyta.com,Martur,850-287-4260,170,77.8,8/8/1961,"Bold Ideas",592-20-0788
American,2773,Banks,Ernest,R,"4733 Pallet Street",10013,ErnestRBanks@dayrep.com,Callibed,914-434-7065,178,60.8,6/23/1996,StopGrey,080-28-9262
American,2774,Baran,Elizabeth,C,"2330 Ripple Street",48858,ElizabethCBaran@dayrep.com,Jobley,989-772-0866,163,69.9,6/24/1933,"Fradkin Brothers Furniture",384-46-8673
American,2775,Gibson,Mary,C,"798 Adams Drive",77060,MaryCGibson@fleckens.hu,Stee1960,979-353-9912,166,53.3,4/14/1960,"MacMarr Stores",641-16-6792
American,2776,Dellinger,Heather,K,"665 Walnut Drive",58384,HeatherKDellinger@rhyta.com,Deabinder,701-366-1681,160,74.6,10/12/1959,"Allied City Stores",501-42-7309
American,2777,Tanner,Danny,I,"1402 Better Street",66215,DannyITanner@einrot.com,Hitho1953,913-220-9478,181,73.4,4/13/1953,"Sports Town USA",509-22-3313
American,2778,Stewart,Christine,W,"2753 Derek Drive",44413,ChristineWStewart@einrot.com,Hurstoill,330-426-5876,173,53.7,3/16/1958,"Red Baron Electronics",287-14-0590
American,2779,McGrath,Pamela,J,"3964 Lynn Avenue",54401,PamelaJMcGrath@superrito.com,Thibles,715-513-6783,158,55.1,8/27/1944,"Movie Gallery",388-09-7978
American,2780,Evans,Rudolph,J,"2950 Pointe Lane",33311,RudolphJEvans@cuvox.de,Imetungs44,954-918-7841,182,101.4,7/9/1944,"Gas Depot",594-48-5062
American,2781,Shipman,Irene,E,"2873 Derek Drive",44308,IreneEShipman@cuvox.de,Theyeary,330-361-8885,162,70.4,11/17/1995,SoundTrack,277-01-1443
American,2782,Abram,John,E,"599 Khale Street",29424,JohnEAbram@dayrep.com,Allic1936,843-628-3029,180,65.5,5/19/1936,"Museum Company",249-07-6391
American,2783,Scott,Sarah,K,"394 Zappia Drive",40507,SarahKScott@armyspy.com,Raimad,859-354-6139,167,94.0,4/25/1973,"Matrix Design",407-80-1911
American,2784,Bilderback,Tommy,T,"3173 Traders Alley",66210,TommyTBilderback@dayrep.com,Pady1955,816-365-7924,176,75.8,10/29/1955,"Museum Company",488-52-9230
American,2785,Smith,Kenneth,M,"4760 Williams Avenue",93307,KennethMSmith@einrot.com,Musaing1956,661-330-3125,181,101.1,1/21/1956,"Buck Alley Lumber",557-65-0527
American,2786,Beatty,Janet,M,"4698 Coventry Court",70806,JanetMBeatty@jourrapide.com,Loppor,225-926-8120,173,69.5,12/31/1985,"Intelli Wealth Group",661-01-3222
American,2787,Branham,Teresa,J,"2220 Lucky Duck Drive",15205,TeresaJBranham@armyspy.com,Thimarl,412-920-1708,172,55.2,12/11/1959,"Friendly Interior Design",164-05-3019
American,2788,Stephens,Kenneth,A,"1047 Hidden Meadow Drive",58783,KennethAStephens@teleworm.us,Pannour,701-693-7076,172,96.6,4/29/1940,"Sam Goody",501-76-5476
American,2789,Swords,Richard,G,"757 Maple Avenue",95685,RichardGSwords@cuvox.de,Beesic,209-267-4874,178,87.9,11/9/1985,"Gino's Hamburgers",551-76-3360
American,2790,Busby,Dorothy,R,"1910 Shadowmar Drive",70062,DorothyRBusby@armyspy.com,Inve1977,504-733-9011,169,91.6,2/1/1977,"Brooks Fashions",438-77-1160
American,2791,Basso,Ann,M,"719 Fairway Drive",95501,AnnMBasso@armyspy.com,Crintilione,707-499-1099,164,91.9,1/24/1979,"Little Folk Shops",610-72-1180
American,2792,McNabb,Robert,I,"2719 Pennsylvania Avenue",08861,RobertIMcNabb@dayrep.com,Cail1945,732-376-1949,176,80.7,10/8/1945,"Strategy Planner",139-38-0743
American,2793,Boothe,Donna,J,"42 Rockford Mountain Lane",54952,DonnaJBoothe@superrito.com,Engifiricent,920-229-9738,165,53.6,4/22/1960,"Little Folk Shops",394-48-7311
American,2794,Jones,Florence,R,"2822 Radio Park Drive",30567,FlorenceRJones@dayrep.com,Foldiand88,706-693-7483,161,91.8,8/4/1988,"The Serendipity Dip",257-31-3103
American,2795,Corvin,Janet,V,"2659 Foley Street",33441,JanetVCorvin@jourrapide.com,Uniere,954-725-5461,172,95.0,1/22/1995,"Gene Walter's Marketplace",771-16-7800
American,2796,Hamilton,Michelle,A,"1571 Gateway Road",97214,MichelleAHamilton@cuvox.de,Dearthe,503-236-9631,161,81.8,11/7/1945,Littler's,540-36-8409
American,2797,King,Daina,M,"1086 Bolman Court",62650,DainaMKing@rhyta.com,Sualind,217-370-0511,164,86.7,1/27/1963,"Museum Company",352-28-8515
American,2798,Fox,Harrison,B,"1636 Parkway Street",92311,HarrisonBFox@einrot.com,Ringe1943,760-255-1639,173,98.0,7/13/1943,"Big Daddy's Restaurants",550-63-1840
American,2799,Pearson,Michael,P,"1581 Clark Street",11717,MichaelPPearson@superrito.com,Friken,631-233-4471,169,80.4,11/9/1961,"Flagg Bros. Shoes",072-16-7434
American,2800,Barragan,Susan,J,"3703 Wildrose Lane",48224,SusanJBarragan@gustr.com,Lossion1961,313-884-9717,155,100.9,12/10/1961,"Fisher Foods",382-09-5741
American,2801,Wilson,Dorothy,M,"1239 Lang Avenue",84021,DorothyMWilson@rhyta.com,Prond1976,435-822-1585,158,89.9,1/21/1976,"A+ Electronics",647-84-2526
American,2802,Moore,Whitney,M,"1073 Caldwell Road",14580,WhitneyMMoore@jourrapide.com,Gocielince,585-217-3611,155,84.8,7/25/1957,"AJ Bayless",117-94-8264
American,2803,McConnell,Douglas,F,"2722 Commerce Boulevard",68107,DouglasFMcConnell@rhyta.com,Atileture1939,402-594-6698,174,92.8,2/14/1939,"Dreamscape Garden Care",505-47-7613
American,2804,Sikes,Patty,N,"4444 Duffy Street",46347,PattyNSikes@rhyta.com,Chai1934,219-766-8793,152,94.4,10/29/1934,"Edge Garden Services",306-38-3866
American,2805,Barnes,Charles,C,"1457 Roane Avenue",20785,CharlesCBarnes@teleworm.us,Gree1938,301-226-8736,177,89.8,1/1/1938,"K's Merchandise",214-44-3874
American,2806,McCleary,Bertie,G,"237 Raintree Boulevard",46240,BertieGMcCleary@rhyta.com,Thiscout,765-218-3714,153,62.9,12/12/1967,"House of Gas",315-12-1223
American,2807,Boulay,Cynthia,M,"2908 Oak Avenue",60053,CynthiaMBoulay@dayrep.com,Calmothe,847-967-0813,167,62.6,8/6/1937,"Reliable Investments",348-42-5599
American,2808,Needham,Jimmy,L,"2724 Sunny Glen Lane",44114,JimmyLNeedham@einrot.com,Drefoldn95,216-835-0657,176,82.1,1/19/1995,"Monk Home Loans",295-07-2073
American,2809,Akins,Greg,E,"2855 Brooke Street",77022,GregEAkins@rhyta.com,Parturly,713-697-6335,170,65.1,3/20/1990,"Jackpot Consultant",456-16-4749
American,2810,Paiz,Christina,G,"2652 Park Avenue",95814,ChristinaGPaiz@cuvox.de,Thoted,916-528-9763,169,56.2,2/7/1960,Builderama,626-05-6689
American,2811,Bass,Kyle,E,"4412 Short Street",78660,KyleEBass@superrito.com,Infouslem63,512-989-9859,169,69.4,10/18/1963,Adray,453-93-7081
American,2812,Martin,Allison,J,"4241 Prudence Street",48146,AllisonJMartin@rhyta.com,Quinnow,313-383-2999,171,56.9,7/24/1982,"Borders Books",374-88-5292
American,2813,Morrison,Randy,J,"1170 Circle Drive",77032,RandyJMorrison@fleckens.hu,Counde86,832-496-7261,187,66.3,2/28/1986,"Mr. D's IGA",639-84-1356
American,2814,Murphy,Matthew,R,"231 Clement Street",30071,MatthewRMurphy@dayrep.com,Lovent,404-454-3555,174,69.8,1/30/1943,Orion,257-64-9923
American,2815,Paquette,Robert,B,"1795 Saint James Drive",17543,RobertBPaquette@armyspy.com,Yountions,717-537-7258,189,67.3,5/4/1996,"Friendly Interior Design",159-12-0041
American,2816,Long,William,D,"1254 West Virginia Avenue",12956,WilliamDLong@superrito.com,Witties1973,518-942-2713,181,91.0,2/18/1973,"WWW Realty",077-82-1505
American,2817,Mitchell,Renee,J,"1542 Mahlon Street",07662,ReneeJMitchell@dayrep.com,Covir1996,732-986-3586,160,74.4,6/7/1996,Lechmere,145-48-4602
American,2818,Dalton,Ann,G,"4379 Levy Court",01821,AnnGDalton@gustr.com,Obbenchill1967,978-667-0258,162,72.1,3/5/1967,"Canal Villere",034-80-8723
American,2819,Carlisle,Lori,G,"4272 Elsie Drive",57070,LoriGCarlisle@teleworm.us,Gooft1934,605-327-9137,158,81.5,3/20/1934,"Wise Appraisals",503-03-0765
American,2820,Okeefe,Beverly,J,"3554 Villa Drive",46526,BeverlyJOkeefe@armyspy.com,Cleakettent45,574-537-7686,158,58.8,5/29/1945,"Standard Brands Paint Company",305-56-0103
American,2821,Chew,James,V,"2891 Bates Brothers Road",43201,JamesVChew@gustr.com,Overeate,614-294-1367,171,88.2,9/29/1953,"Carter's Foods",275-02-2964
American,2822,Will,George,M,"725 Elmwood Avenue",85225,GeorgeMWill@rhyta.com,Withim,480-857-2966,169,72.7,12/22/1967,"AJ Bayless",765-05-7854
American,2823,Moran,Pauline,J,"115 Willow Oaks Lane",70582,PaulineJMoran@rhyta.com,Lausithe1940,337-394-6420,160,85.7,2/29/1940,"Reliable Garden Management",660-09-8193
American,2824,Shaffer,Mark,D,"435 Echo Lane",49503,MarkDShaffer@armyspy.com,Rocklairling65,269-720-1439,174,98.4,7/20/1965,Burstein-Applebee,372-78-8676
American,2825,Fuller,Carl,J,"4183 Quilly Lane",43081,CarlJFuller@fleckens.hu,Gratima,614-554-9847,184,65.4,5/26/1940,Benesome,293-92-1482
American,2826,Ragsdale,John,M,"3060 Roosevelt Street",94143,JohnMRagsdale@fleckens.hu,Tharls,415-371-9110,173,108.2,1/5/1991,"Practi-Plan Mapping",547-67-7705
American,2827,Burke,Addie,K,"271 Thunder Road",94005,AddieKBurke@dayrep.com,Werew1933,650-533-0372,160,84.4,2/8/1933,Excella,567-38-1308
American,2828,Ngo,Reynaldo,H,"4545 Whitetail Lane",75081,ReynaldoHNgo@gustr.com,Trupoin,469-255-4476,165,72.0,9/13/1954,"Suadela Investment",458-10-3461
American,2829,Castro,Peggy,A,"2945 Green Hill Road",72764,PeggyACastro@cuvox.de,Creter,479-444-1999,162,85.4,4/1/1934,"E-zhe Source",677-10-8143
American,2830,Cusumano,Mildred,M,"1948 Philli Lane",74501,MildredMCusumano@superrito.com,Amurectime,918-429-7369,154,56.1,1/2/1978,"Starship Tapes & Records",445-82-5551
American,2831,Torres,Micah,T,"184 Virginia Street",60455,MicahTTorres@dayrep.com,Entin1992,773-621-2259,175,87.6,11/14/1992,Datacorp,330-09-6811
American,2832,Chang,Martha,J,"2017 Doe Meadow Drive",20901,MarthaJChang@teleworm.us,Glan1984,301-592-3680,167,60.2,6/11/1984,"Erb Lumber",212-71-9080
American,2833,Maxie,Esther,J,"668 Augusta Park",25801,EstherJMaxie@dayrep.com,Shaver,304-731-9998,156,51.4,4/10/1995,"Desert Garden Help",236-60-2832
American,2834,Lowell,Lorriane,G,"488 Fincham Road",92103,LorrianeGLowell@einrot.com,Fining,760-467-9844,162,58.3,5/12/1978,"Noodle Kidoodle",603-54-4354
American,2835,Eller,Sarah,C,"1026 Chandler Drive",64867,SarahCEller@rhyta.com,Falit1998,417-628-0855,160,86.4,1/28/1998,"Pro Yard Services",497-62-6564
American,2836,Miles,Charles,K,"3973 Burwell Heights Road",77026,CharlesKMiles@superrito.com,Motionve,409-585-8480,184,81.6,3/11/1983,"KG Menswear",462-47-8393
American,2837,Seiter,Roberto,E,"971 Harter Street",45429,RobertoESeiter@cuvox.de,Nous1979,937-643-8650,171,90.3,4/12/1979,"Thom McAn Store",294-02-2109
American,2838,Burton,Phyllis,A,"4713 Mandan Road",63901,PhyllisABurton@rhyta.com,Trustur,573-785-3051,171,78.1,12/5/1943,"Laughner's Cafeteria",486-84-3858
American,2839,Forrest,Linda,R,"3338 Carolina Avenue",80525,LindaRForrest@rhyta.com,Whick1994,970-206-8498,162,95.3,1/9/1994,"Flagg Bros. Shoes",523-42-1257
American,2840,Wilmoth,Benjamin,C,"2475 Maple Street",92701,BenjaminCWilmoth@cuvox.de,Pory1994,714-347-4517,176,79.7,10/14/1994,"Custom Sound",626-42-7623
American,2841,Kennedy,Gloria,R,"2319 Thunder Road",94306,GloriaRKennedy@cuvox.de,Whiceing,650-493-4947,162,103.1,5/9/1984,"Sounds of Soul Records & Tapes",552-16-1301
American,2842,Funderburk,Mary,D,"3932 Rinehart Road",33025,MaryDFunderburk@einrot.com,Alligns,786-395-1687,162,58.0,2/20/1934,"One-Up Realtors",590-07-8787
American,2843,Walter,Thomas,D,"4198 Hiddenview Drive",18966,ThomasDWalter@fleckens.hu,Ofterhaver,215-942-8480,181,80.9,6/11/1961,"Boston Sea Party",183-76-5941
American,2844,Allaire,Mary,W,"4101 Cooks Mine Road",87544,MaryWAllaire@gustr.com,Apprands,505-667-2095,172,98.2,1/6/1961,"Geri's Hamburgers",648-09-3478
American,2845,Fussell,Jorge,F,"3451 Cameron Road",14202,JorgeFFussell@gustr.com,Ligicest54,716-471-3672,182,91.0,4/19/1954,"Beasts of Beauty",108-94-0957
American,2846,Knowles,John,S,"1621 Hillview Drive",94928,JohnSKnowles@rhyta.com,Lowee1964,707-206-4572,186,107.2,6/14/1964,"Intelli Wealth Group",573-30-3021
American,2847,Teague,Frank,E,"4242 Retreat Avenue",04101,FrankETeague@teleworm.us,Hatellove,207-289-3123,181,76.9,11/30/1936,"Gold Medal",007-70-6759
American,2848,Szeto,Scott,M,"886 Hillcrest Circle",55427,ScottMSzeto@einrot.com,Whabre,763-544-7860,174,72.0,1/18/2000,"The Happy Bear",471-50-2304
American,2849,Blackburn,Josie,X,"3633 Hilltop Haven Drive",07102,JosieXBlackburn@einrot.com,Theaut,973-805-3362,159,65.8,12/5/1983,"American Appliance",153-56-1138
American,2850,Brumfield,Tammy,F,"1977 Ocala Street",32809,TammyFBrumfield@rhyta.com,Beculd,407-370-5864,168,65.1,3/27/1960,"Pace Membership Warehouse",264-85-5938
American,2851,Chun,Frances,R,"303 Prospect Street",08360,FrancesRChun@teleworm.us,Appause33,856-563-5836,151,78.2,5/4/1933,"Just For Fun",139-48-4459
American,2852,Pelton,Jacqueline,J,"3401 Red Bud Lane",07477,JacquelineJPelton@rhyta.com,Parloo1979,862-220-7695,174,83.5,7/12/1979,"Simply Appraisals",136-09-2228
American,2853,Brown,Gilbert,K,"3528 Terry Lane",32789,GilbertKBrown@jourrapide.com,Whinges,321-395-2389,186,78.3,2/16/1994,"Price Club",769-07-0490
American,2854,King,Rafael,B,"3819 Godfrey Road",10019,RafaelBKing@superrito.com,Hatiound63,212-581-3115,169,72.4,3/18/1963,"Team Electronics",092-09-2301
American,2855,Stadler,Paul,N,"330 Byrd Lane",87107,PaulNStadler@superrito.com,Tharmen,505-261-8895,173,108.5,3/22/1948,"Sunburst Garden Management",648-26-5753
American,2856,Cotton,Michael,S,"3363 Coburn Hollow Road",61615,MichaelSCotton@dayrep.com,Shentaked,309-360-1978,169,96.4,11/10/1992,"Fradkin Brothers Furniture",350-44-8503
American,2857,Roosevelt,Diane,A,"230 Pine Tree Lane",20005,DianeARoosevelt@armyspy.com,Hinticts,240-475-3586,167,102.8,5/19/1957,"Hanover Shoe",217-01-3593
American,2858,Mayo,Anthony,B,"3428 Lightning Point Drive",38111,AnthonyBMayo@rhyta.com,Exper1940,901-458-1793,163,93.3,1/8/1940,"Life Map",408-11-6341
American,2859,Lassiter,Janis,G,"660 Glory Road",38469,JanisGLassiter@teleworm.us,Owamessely1957,931-853-3182,162,59.8,6/27/1957,"Rainbow Records",411-65-2021
American,2860,Porter,Helen,R,"3959 Washburn Street",70806,HelenRPorter@dayrep.com,Blesind,225-435-4139,161,79.6,4/1/1981,"Star Bright Investment Group",434-74-9294
American,2861,Washington,Cynthia,T,"3288 Harrison Street",94143,CynthiaTWashington@armyspy.com,Adeatimeng,415-543-4380,171,77.5,8/10/1950,Galyan's,617-12-8971
American,2862,Palmer,Gary,P,"2089 Mapleview Drive",38128,GaryPPalmer@einrot.com,Reforich,731-305-4176,175,92.3,10/17/1980,"Wealthy Ideas",408-49-6578
American,2863,Nakayama,Herbert,S,"3469 Rocket Drive",55410,HerbertSNakayama@jourrapide.com,Unettle,612-929-3841,172,114.5,10/18/1975,"Rolling Thunder",475-02-1557
American,2864,Henry,David,M,"4345 Sun Valley Road",99350,DavidMHenry@teleworm.us,Pustrythe1984,509-788-6205,171,86.0,5/2/1984,"The Pink Pig Tavern",533-29-1851
American,2865,Baum,Ana,J,"2582 Dancing Dove Lane",10013,AnaJBaum@armyspy.com,Amens1941,347-513-2804,167,81.4,7/1/1941,Muirhead's,095-50-9444
American,2866,Garcia,Josh,C,"3996 Rainy Day Drive",02114,JoshCGarcia@cuvox.de,Shonswer,617-994-7012,168,109.5,8/16/1956,"Fit Tonic",012-24-2669
American,2867,Morris,Elmer,D,"3070 Steve Hunt Road",33126,ElmerDMorris@superrito.com,Goords,305-777-0085,166,81.8,6/15/1956,"The Original House of Pies",770-10-3416
American,2868,Lundeen,Anna,R,"3009 Veltri Drive",99695,AnnaRLundeen@dayrep.com,Soollike,907-236-2376,154,62.0,5/28/1961,Raleigh's,574-19-1984
American,2869,James,Marylou,J,"188 Smithfield Avenue",79027,MarylouJJames@cuvox.de,Glikeels,806-647-0314,156,81.8,3/23/1937,"Egghead Software",641-30-0731
American,2870,Poole,Shannon,C,"154 Cottonwood Lane",48838,ShannonCPoole@superrito.com,Sittle,616-225-1889,154,53.1,5/18/1956,"Your Future Is Now",365-42-5985
American,2871,Rocha,Calvin,M,"4234 Snider Street",80111,CalvinMRocha@rhyta.com,Hurp1974,720-200-1172,169,78.3,4/26/1974,"Laura Ashley",521-70-3158
American,2872,Fox,Stacy,T,"1399 Oakwood Circle",90017,StacyTFox@gustr.com,Appeare,949-273-2106,158,57.0,9/13/1967,"Pergament Home Centers",611-22-2488
American,2873,Perez,Clara,G,"3427 Aaron Smith Drive",17011,ClaraGPerez@jourrapide.com,Whade1996,717-731-4842,163,46.6,6/30/1996,"Quest Technology Service",166-16-1212
American,2874,Allgood,Michael,G,"860 Black Stallion Road",40507,MichaelGAllgood@teleworm.us,Stoing,859-419-4570,179,65.1,6/11/1944,"Platinum Interior Design",406-44-6555
American,2875,Ayers,Gregory,M,"1975 Clarksburg Park Road",85920,GregoryMAyers@rhyta.com,Thaterminly,928-339-0826,179,63.0,1/30/1936,"Endicott Johnson",764-38-9690
American,2876,Cerna,Gina,B,"4857 Hanifan Lane",30305,GinaBCerna@rhyta.com,Romenswour71,678-510-5963,156,101.6,7/14/1971,"Security Sporting Goods",667-07-6089
American,2877,James,Doris,C,"3504 Leisure Lane",93401,DorisCJames@armyspy.com,Ondowde,805-619-3970,162,74.7,9/19/1965,Awthentikz,618-18-8129
American,2878,Davenport,John,H,"3567 Ross Street",62450,JohnHDavenport@jourrapide.com,Unneville1995,618-302-6121,190,65.3,9/7/1995,Burstein-Applebee,338-18-3380
American,2879,Gibbs,Terry,M,"2252 Eden Drive",23224,TerryMGibbs@fleckens.hu,Beirl1955,804-893-8119,161,94.7,9/28/1955,"Blockbuster Music",230-33-9501
American,2880,Cortez,Paul,D,"2337 Roane Avenue",21401,PaulDCortez@gustr.com,Withat,301-261-1702,172,66.1,4/11/1945,"Joshua Doore",216-09-9504
American,2881,Alford,Alexander,C,"4076 Courtright Street",58639,AlexanderCAlford@jourrapide.com,Doeme1948,701-567-4334,172,95.5,10/27/1948,"Target Realty",501-25-1580
American,2882,Dean,Diana,C,"2612 Green Street",37211,DianaCDean@jourrapide.com,Daugh1958,615-579-8967,156,83.5,5/3/1958,"Harold Powell",410-95-9759
American,2883,Bruce,Gilbert,K,"3966 Little Acres Lane",62522,GilbertKBruce@armyspy.com,Wentepturter,217-972-1577,178,94.0,4/26/1958,"Country Club Markets",361-66-4086
American,2884,Deering,Vicki,G,"1888 Green Gate Lane",21244,VickiGDeering@armyspy.com,Thableaddles,443-827-2969,163,90.2,11/22/1972,"Knockout Kickboxing",218-14-7279
American,2885,Bergeron,Catherine,M,"1897 Elk Avenue",48840,CatherineMBergeron@jourrapide.com,Hiecand,517-575-2140,174,52.5,8/23/1982,Giant,380-05-1034
American,2886,Scott,Jayme,C,"4649 Dog Hill Lane",67401,JaymeCScott@fleckens.hu,Thaveling,785-728-1479,160,64.5,10/8/1980,"Schucks Auto Supply",513-17-1009
American,2887,Martinez,Phyllis,N,"1240 Stout Street",17602,PhyllisNMartinez@jourrapide.com,Coudifter,717-396-0544,172,71.5,9/2/1988,"Strategic Profit",159-70-3242
American,2888,Coger,Carrie,C,"1043 Ash Street",75247,CarrieCCoger@teleworm.us,Fespon59,972-814-0735,170,92.3,6/5/1959,"Master Builder Design Services",641-74-8006
American,2889,Rutt,Jean,M,"2194 Lynch Street",53210,JeanMRutt@jourrapide.com,Fortake,920-990-8677,170,72.0,12/7/1965,"Allied City Stores",397-04-8061
American,2890,Ringo,Thomas,A,"1849 Selah Way",05001,ThomasARingo@teleworm.us,Hisday,802-681-3809,177,94.8,8/1/1994,"Alladin's Lamp",008-86-3793
American,2891,Huffman,Raymond,N,"2691 Chandler Hollow Road",15219,RaymondNHuffman@cuvox.de,Hicientich,412-467-0679,185,57.3,4/4/1998,"Rainbow Records",192-52-4254
American,2892,Moreno,Barbara,M,"3357 Lynn Street",02110,BarbaraMMoreno@dayrep.com,Sernis,617-231-2685,155,89.3,4/13/1993,FamilyMart,023-50-8801
American,2893,July,Chelsey,F,"1230 Charmaine Lane",79401,ChelseyFJuly@jourrapide.com,Werfeecume,806-543-2137,160,55.3,2/14/1985,"Independent Wealth Management",644-58-3364
American,2894,Young,Lisa,J,"1552 Clair Street",76656,LisaJYoung@jourrapide.com,Higend,254-584-3429,157,70.7,10/15/1947,"Morrison's Cafeteria",467-40-8809
American,2895,Crivello,Robert,J,"3389 Camel Back Road",74120,RobertJCrivello@superrito.com,Waycervours,918-573-3205,174,108.7,6/6/1977,Anthony's,448-86-7750
American,2896,Moffett,Lisa,S,"2627 Stuart Street",15017,LisaSMoffett@superrito.com,Andre1941,724-372-0649,162,75.8,7/17/1941,"Castro Convertibles",180-80-1133
American,2897,Hanke,William,K,"577 West Fork Street",59263,WilliamKHanke@gustr.com,Whers1992,406-487-1007,182,95.2,4/13/1992,"Thrift Auto Parts",516-23-8502
American,2898,Brabham,Jenna,D,"215 Oliver Street",75201,JennaDBrabham@superrito.com,Buourproy,817-324-9412,154,72.5,11/25/1997,"The Goose and Duck",635-32-2039
American,2899,Tate,Denise,R,"441 Skinner Hollow Road",97496,DeniseRTate@gustr.com,Pries1993,541-784-9609,171,94.5,3/19/1993,"Hit or Miss",542-64-5351
American,2900,Gordon,Lauren,S,"1762 Hiney Road",89101,LaurenSGordon@armyspy.com,Reated,702-295-0933,167,56.3,3/27/1939,"Platinum Interior Design",530-31-2111
American,2901,Ramey,Douglas,L,"2931 Harley Brook Lane",15901,DouglasLRamey@dayrep.com,Intim1959,814-530-9415,187,90.4,5/11/1959,"Big Bear Stores",197-09-8489
American,2902,Regner,Thomas,K,"1028 Musgrave Street",73102,ThomasKRegner@cuvox.de,Ablogneydget,405-239-5323,183,80.2,4/4/1985,"Lone Wolf Wealth Planning",447-08-0137
American,2903,Fairley,Lisa,P,"130 Ingram Street",45408,LisaPFairley@einrot.com,Wherted,937-524-5316,163,92.0,9/30/1936,Quickbiz,300-80-4837
American,2904,Watlington,Eric,K,"4910 Tanglewood Road",38701,EricKWatlington@einrot.com,Arturincelto,662-806-2619,172,100.7,6/26/1935,"New World Realty",587-37-0745
American,2905,Adams,Gregory,K,"66 Jody Road",19088,GregoryKAdams@fleckens.hu,Decommand,610-620-5928,167,86.1,1/10/1945,"Sunny's Surplus",174-44-0786
American,2906,Shaw,Victor,M,"3026 Hartway Street",57262,VictorMShaw@rhyta.com,Theopere,605-742-6399,178,93.1,3/11/1942,"Kids Mart",503-28-3019
American,2907,Hardman,Ronnie,R,"521 Rardin Drive",94107,RonnieRHardman@armyspy.com,Roadvine,650-648-7635,172,88.2,2/1/1953,"J. Riggings",560-31-1717
American,2908,Gray,Scott,K,"4217 Caldwell Road",14428,ScottKGray@dayrep.com,Andont,585-293-1186,173,91.2,11/30/1974,"Buena Vista Garden Maintenance",133-18-1656
American,2909,Harris,Cynthia,M,"424 Randall Drive",96819,CynthiaMHarris@rhyta.com,Fects1984,808-832-6363,168,91.0,10/21/1984,"Mostow Co.",750-01-5531
American,2910,Webster,Philip,K,"584 Red Maple Drive",90046,PhilipKWebster@dayrep.com,Thenthen,323-436-6721,179,95.1,9/16/1985,Titania,617-13-5036
American,2911,Kendall,Peter,J,"3290 Doctors Drive",90045,PeterJKendall@rhyta.com,Cied1982,310-337-0539,167,105.3,10/6/1982,"Magna Solution",614-44-4796
American,2912,Mecham,Edward,A,"3249 Pick Street",80112,EdwardAMecham@jourrapide.com,Lijjoing,970-567-7150,176,72.0,9/20/1940,"Realty Solution",521-58-5797
American,2913,Lovett,Marcia,S,"2695 Cityview Drive",18101,MarciaSLovett@gustr.com,Salmen,610-508-4009,155,96.0,7/23/1938,"Total Serve",176-82-0311
American,2914,Cave,Bennie,P,"4000 Smith Road",30341,BenniePCave@armyspy.com,Stalood,770-986-3956,183,79.5,10/25/1986,"Harold Powell",252-33-9915
American,2915,Hill,Deirdre,R,"1141 Burnside Court",85034,DeirdreRHill@teleworm.us,Theides,602-388-9091,171,72.1,7/17/1982,"Crandall's Fine Furniture",527-02-6871
American,2916,Miller,Sherry,S,"1872 Daylene Drive",48075,SherrySMiller@einrot.com,Mety1981,734-571-4831,175,73.6,3/21/1981,"Enrich Garden Services",368-40-7301
American,2917,Dixon,Marcie,J,"3621 August Lane",71201,MarcieJDixon@superrito.com,Therejorty,318-410-2113,171,99.2,3/16/1984,Adapt,664-05-7492
American,2918,Thomas,Andrea,W,"4471 Finwood Road",07102,AndreaWThomas@cuvox.de,Abidide,732-414-7944,157,61.7,1/30/1986,"Bay Furniture",142-07-6889
American,2919,Fly,Nancy,J,"1312 Heather Sees Way",74119,NancyJFly@superrito.com,Getoctords,918-739-1155,155,92.4,5/16/1963,"Omni Architectural Designs",441-05-5507
American,2920,Howell,Levi,M,"886 Camden Place",29424,LeviMHowell@dayrep.com,Youtrace,843-961-4248,170,100.7,11/21/1956,"Millenia Life",657-09-5798
American,2921,Wallace,Lorenzo,B,"4991 Tenmile",23707,LorenzoBWallace@gustr.com,Brive1990,757-944-4178,175,108.9,3/13/1990,"Cut Rite Lawn Care",230-48-1354
American,2922,Smith,Aaron,R,"4371 Lawman Avenue",20701,AaronRSmith@fleckens.hu,Fornew,703-300-3452,173,92.4,11/6/1981,"Jitney Jungle",698-01-4402
American,2923,Bennett,Marilyn,P,"2872 Mulberry Street",77301,MarilynPBennett@jourrapide.com,Eartak,936-538-5445,166,50.0,12/29/1992,"Superior Appraisals",642-90-2567
American,2924,Richmond,Rosemary,H,"4936 Bridge Street",74120,RosemaryHRichmond@einrot.com,Lithey,918-843-6540,155,57.9,11/2/1969,"K's Merchandise",446-62-9761
American,2925,Pereira,Soledad,J,"2565 Hinkle Deegan Lake Road",41102,SoledadJPereira@superrito.com,Aloost1973,606-928-5121,167,70.6,9/10/1973,"Starship Tapes & Records",406-44-0946
American,2926,Williams,Chandra,S,"3573 Arbor Court",82003,ChandraSWilliams@teleworm.us,Facen1997,307-287-6975,158,85.4,12/18/1997,Weatherill's,520-26-4465
American,2927,Smith,Betty,P,"4124 Pinnickinick Street",98607,BettyPSmith@fleckens.hu,Georted,360-833-5254,156,89.0,10/7/1992,"Endicott Johnson",539-38-8242
American,2928,Carey,Laura,E,"2947 Blackwell Street",99752,LauraECarey@fleckens.hu,Shentaked,907-442-9865,165,74.4,9/4/1961,"Crafts & More",574-32-3041
American,2929,Webster,Howard,M,"1203 Simpson Avenue",17401,HowardMWebster@dayrep.com,Wred1963,717-818-2039,175,110.4,1/11/1963,"Tech Hifi",190-22-6218
American,2930,Martinez,Judith,M,"4428 Spadafore Drive",16365,JudithMMartinez@einrot.com,Siou1977,814-688-3467,167,98.1,7/28/1977,"Star Interior Design",173-62-4070
American,2931,Leibowitz,Stacy,R,"4677 Oakmound Road",60618,StacyRLeibowitz@einrot.com,Maxed1946,773-279-4437,166,61.9,2/3/1946,"Garden Master",356-48-9725
American,2932,Watkins,Gerald,D,"4826 Coburn Hollow Road",61614,GeraldDWatkins@gustr.com,Theatimandid,309-429-5898,176,74.5,1/5/1950,"Affinity Investment Group",323-16-1062
American,2933,Albrecht,Amy,J,"797 Clinton Street",71901,AmyJAlbrecht@einrot.com,Verlable,501-262-8781,156,62.2,1/28/1962,"Chess King",679-03-0299
American,2934,Walton,Margaret,C,"4330 Hanover Street",10011,MargaretCWalton@gustr.com,Doccom,917-723-1597,157,68.8,11/15/1953,Opticomp,091-82-4452
American,2935,Henry,Floyd,J,"4801 Wetzel Lane",49676,FloydJHenry@einrot.com,Butaked,231-322-1620,175,87.8,4/2/1986,"Incredible Universe",376-42-9677
American,2936,Luck,Ruth,W,"2346 Glenwood Avenue",44142,RuthWLuck@cuvox.de,Therter,216-267-4661,160,66.4,6/30/1986,"S&W Cafeteria",276-32-7232
American,2937,Plunkett,Felicia,C,"991 Turkey Pen Road",10013,FeliciaCPlunkett@superrito.com,Oblecte,917-251-8130,164,74.1,8/26/1952,"Mr. D's IGA",097-32-7203
American,2938,Randall,Michael,J,"2314 Allison Avenue",23510,MichaelJRandall@rhyta.com,Hinevis82,757-626-2993,170,79.4,12/27/1982,"Allied City Stores",696-03-5759
American,2939,Billups,Kenneth,A,"2960 Neuport Lane",30303,KennethABillups@rhyta.com,Anclat42,770-327-1213,184,91.8,9/1/1942,"The Wall",253-83-4226
American,2940,Sidhu,Lynn,T,"1562 Indiana Avenue",96786,LynnTSidhu@fleckens.hu,Layinnecage,808-629-9988,154,86.9,5/14/1947,"Kelsey's Neighbourhood Bar & Grill",751-01-5075
American,2941,Huang,John,J,"2366 College View",62220,JohnJHuang@rhyta.com,Whosiong,618-641-7422,169,73.4,6/27/1974,"Carrols Restaurant Group",322-62-6463
American,2942,Alkire,James,F,"1841 Elk Street",92627,JamesFAlkire@jourrapide.com,Therese,949-722-0950,188,93.8,7/16/1964,Choices,621-44-2309
American,2943,Patterson,Paul,A,"466 Rardin Drive",94041,PaulAPatterson@jourrapide.com,Aciectur,650-603-4842,175,79.9,2/12/1989,"Coffey's Market",622-20-4328
American,2944,Lampley,Don,W,"1811 Masonic Drive",59057,DonWLampley@jourrapide.com,Trachused,406-669-8363,177,81.8,10/31/1969,Metro,516-25-0210
American,2945,Boykins,Bertha,D,"1686 Radford Street",40299,BerthaDBoykins@fleckens.hu,Kinganduld1951,502-229-7114,162,72.1,3/21/1951,"Destiny Planners",400-24-5663
American,2946,Hewitt,Jeffrey,D,"2393 Oakmound Drive",60457,JeffreyDHewitt@dayrep.com,Ontrus,773-339-2835,168,98.1,5/28/1989,"Skaggs-Alpha Beta",351-98-3051
American,2947,Norris,Gerald,L,"4698 McDowell Street",37214,GeraldLNorris@dayrep.com,Efortmosse1933,931-346-1462,180,87.7,6/24/1933,Acuserv,409-87-1254
American,2948,Mohan,Dennis,R,"1126 Caldwell Road",14623,DennisRMohan@jourrapide.com,Armorthavins,585-240-7345,173,79.5,5/30/1939,"Wholesale Club, Inc.",099-56-9481
American,2949,Larson,Mary,M,"81 Wilmar Farm Road",20706,MaryMLarson@einrot.com,Monce1950,240-293-5061,156,67.3,2/14/1950,"The Flying Hippo ",213-09-3247
American,2950,Clark,Ricky,E,"4153 Vesta Drive",60631,RickyEClark@rhyta.com,Nathothered,773-656-5451,174,94.1,7/17/1988,Weatherill's,332-40-0524
American,2951,Adamski,Karen,W,"1382 Single Street",01880,KarenWAdamski@armyspy.com,Pedularave1955,781-567-4968,172,95.7,12/10/1955,"Deco Refreshments, Inc.",024-38-9284
American,2952,Crocker,John,R,"9 Lewis Street",60004,JohnRCrocker@einrot.com,Losom1983,630-903-6133,188,99.8,9/9/1983,"Eagle Food Centers",353-92-5421
American,2953,Redmon,Margie,S,"104 Radford Street",40242,MargieSRedmon@jourrapide.com,Digons,502-326-0013,158,58.9,2/9/1941,"Maloley's Finer Foods",406-37-1064
American,2954,Hale,Jennifer,J,"2618 Harper Street",42350,JenniferJHale@jourrapide.com,Ivizeely,270-486-8246,157,63.5,7/16/1957,"Sew-Fro Fabrics",402-59-8109
American,2955,Robbs,Hal,J,"2785 Elliot Avenue",98119,HalJRobbs@einrot.com,Eself1968,206-495-2118,184,104.4,9/6/1968,"Lafayette Radio",535-40-8955
American,2956,Scott,Daryl,M,"2809 Farland Avenue",78883,DarylMScott@teleworm.us,Nehopeemes,830-562-9268,169,102.3,3/30/1938,"Pioneer Chicken",453-16-7479
American,2957,Fowler,John,J,"1345 Winding Way",02891,JohnJFowler@jourrapide.com,Procall,401-596-1147,179,102.1,6/10/1961,"Frank and Seder",035-10-6147
American,2958,Shive,Alexander,P,"217 Little Street",44601,AlexanderPShive@teleworm.us,Frimply,330-596-0281,174,75.0,7/13/1947,"P. Samuels Men's Clothiers",300-38-6618
American,2959,Galvan,Tonya,C,"2738 Columbia Mine Road",25301,TonyaCGalvan@armyspy.com,Agniney,304-495-7610,168,51.6,4/28/1985,"Sky High Financial Advice",232-08-4526
American,2960,Voorhies,Robert,C,"3539 Lady Bug Drive",11530,RobertCVoorhies@dayrep.com,Uniagard,718-954-9702,178,86.7,3/20/1962,"Town and Country Convenience Stores",076-18-1390
American,2961,Hill,Kenneth,S,"1066 Paul Wayne Haggerty Road",70062,KennethSHill@rhyta.com,Dughte1998,504-487-0119,179,72.6,11/27/1998,"Terra Nova Garden Services",433-91-7635
American,2962,Whitney,Matthew,J,"4553 Lewis Street",60090,MatthewJWhitney@superrito.com,Otatew,630-940-0972,182,93.7,10/28/1994,"Child World",355-50-4066
American,2963,Jenkins,John,T,"3179 Bird Spring Lane",77573,JohnTJenkins@teleworm.us,Diationance,281-526-9660,178,83.4,2/2/1943,"Coast to Coast Hardware",467-70-2469
American,2964,Moore,Claudia,C,"1505 Heather Sees Way",74344,ClaudiaCMoore@teleworm.us,Susenter,918-787-2811,168,83.3,2/17/1999,"Future Plan",442-76-1925
American,2965,Cardoza,Edward,M,"3124 Davis Avenue",94952,EdwardMCardoza@fleckens.hu,Givy1952,707-773-4661,173,85.5,3/2/1952,Weingarten's,561-28-8636
American,2966,Johnson,George,D,"1154 Flinderation Road",60527,GeorgeDJohnson@einrot.com,Takedent,708-313-4795,167,61.6,12/8/1947,Liberal,343-03-5748
American,2967,Owens,Rodney,T,"1840 Feathers Hooves Drive",10013,RodneyTOwens@superrito.com,Seetly88,631-660-7666,186,67.2,6/29/1988,"Asian Answers",074-74-2087
American,2968,Stinson,Erik,M,"3395 Lucky Duck Drive",15201,ErikMStinson@gustr.com,Altond,412-810-2583,177,98.2,11/12/1936,"Landskip Yard Care",187-58-7931
American,2969,Herrera,Dorthy,D,"3100 Pinnickinnick Street",07735,DorthyDHerrera@cuvox.de,Boutioned,732-888-7351,157,80.3,11/29/1967,Judy's,155-13-3677
American,2970,Jennings,Harriet,A,"2633 Single Street",02110,HarrietAJennings@einrot.com,Sallithere,781-661-3930,172,67.9,12/10/1984,"Destiny Realty Solutions",011-68-9045
American,2971,Winter,Donald,C,"1581 Old Dear Lane",12601,DonaldCWinter@fleckens.hu,Waskind1955,845-835-3970,167,65.0,8/22/1955,"Nickerson Farms",103-16-5347
American,2972,Courtois,William,M,"4298 Golf Course Drive",22202,WilliamMCourtois@superrito.com,Nottlentimen,703-412-2515,183,94.8,5/13/1944,"Franklin Music",229-28-9443
American,2973,Kennon,Daniel,A,"787 Golden Street",33176,DanielAKennon@dayrep.com,Flusuch,305-606-3479,186,95.1,12/20/1975,"Vibrant Man",766-14-8095
American,2974,Taylor,Suzanne,E,"4145 Stout Street",17602,SuzanneETaylor@armyspy.com,Ambee1944,717-393-4211,169,72.5,9/20/1944,Komerci,203-76-3515
American,2975,Wilke,Tim,T,"800 Chapel Street",77521,TimTWilke@fleckens.hu,Hingis,281-662-3884,179,82.4,7/28/1941,"Brand Names",459-09-1546
American,2976,Chambers,Amber,N,"3024 Grove Avenue",73750,AmberNChambers@gustr.com,Berighbour,580-322-3314,169,91.5,6/12/1961,Sagebrush,446-18-7548
American,2977,Matthews,Mary,R,"3857 Pursglove Court",45402,MaryRMatthews@superrito.com,Alks1942,937-257-9941,168,94.3,9/24/1942,"Crazy Tiger",284-64-2662
American,2978,Lacasse,Bonnie,P,"1780 Hidden Meadow Drive",58222,BonniePLacasse@einrot.com,Spois1982,701-657-2145,161,93.5,3/10/1982,"Disc Jockey",502-40-7416
American,2979,Irwin,Ralph,R,"204 Dawson Drive",72211,RalphRIrwin@gustr.com,Viode1977,501-918-5348,170,68.9,11/26/1977,"Glicks Furniture",431-40-4426
American,2980,Ballard,Joe,A,"1563 Burnside Court",85016,JoeABallard@armyspy.com,Swuzzy,602-450-1046,182,66.0,11/16/1994,Edwards,600-82-7132
American,2981,Conley,Pauline,M,"2585 Liberty Street",75247,PaulineMConley@fleckens.hu,Thaddrave47,214-868-8853,153,72.2,5/11/1947,"Little Tavern",636-56-6208
American,2982,Gammon,Harold,N,"4753 Deer Ridge Drive",07039,HaroldNGammon@cuvox.de,Bers1960,973-535-9480,169,64.0,8/2/1960,"Lionel Kiddie City",151-48-0272
American,2983,Chung,Robert,A,"50 Twin Willow Lane",28301,RobertAChung@fleckens.hu,Vesect,910-491-8843,189,72.7,7/14/1994,"Personal & Corporate Design",687-03-2532
American,2984,Hurst,Jonathan,K,"4321 Pearcy Avenue",53217,JonathanKHurst@gustr.com,Bectionet38,262-241-1407,165,102.8,9/3/1938,"Budget Power",389-32-4622
American,2985,Dozier,Rebecca,A,"1010 Southside Lane",90063,RebeccaADozier@dayrep.com,Ansts1987,323-780-3674,171,97.7,4/24/1987,"Sports Town USA",550-05-6401
American,2986,Williams,Cody,C,"2430 Diane Street",93032,CodyCWilliams@gustr.com,Inizing65,805-486-5242,188,111.2,6/23/1965,Hoyden,611-24-7425
American,2987,Mabry,Jeffrey,B,"983 Bates Brothers Road",43081,JeffreyBMabry@fleckens.hu,Morrect,614-229-7433,163,84.2,5/6/1945,"PriceRite Warehouse Club",272-08-9637
American,2988,Donnelly,Dian,R,"4854 Bingamon Branch Road",60090,DianRDonnelly@cuvox.de,Litend,847-214-3858,155,91.6,5/15/1990,"Eagle Hardware & Garden",343-60-5786
American,2989,Shipp,Louise,T,"2930 Granville Lane",07102,LouiseTShipp@cuvox.de,Expeithe43,973-474-4731,155,73.0,8/14/1943,"Happy Family",153-16-5417
American,2990,Wilson,Sara,D,"1863 Liberty Avenue",92632,SaraDWilson@armyspy.com,Liis1935,714-449-9987,150,54.5,11/8/1935,"Reliable Garden Management",551-79-3746
American,2991,Vega,James,S,"2250 Lincoln Street",08102,JamesSVega@teleworm.us,Uppose64,609-479-9755,178,91.9,9/20/1964,"Gene Walter's Marketplace",136-78-6572
American,2992,Pond,Richard,K,"3803 Bubby Drive",78704,RichardKPond@dayrep.com,Lausithe,512-434-0921,171,71.5,5/28/1972,Handyman,457-17-2510
American,2993,Huddleston,Art,L,"4373 Fort Street",27801,ArtLHuddleston@dayrep.com,Achat1981,252-955-2821,174,80.0,5/16/1981,"Honest Air Group",241-19-6671
American,2994,Brown,Adam,B,"821 Pretty View Lane",94928,AdamBBrown@cuvox.de,Thoulluse,707-794-4113,167,69.8,7/29/1971,"Music Boutique",550-85-4229
American,2995,Shumate,Katherine,D,"4509 Creekside Lane",93401,KatherineDShumate@dayrep.com,Tralren,805-712-2944,164,65.8,12/3/1970,"The Flying Hippo ",625-27-9668
American,2996,Pierce,Dianna,F,"3690 Pin Oak Drive",90807,DiannaFPierce@dayrep.com,Damend,562-988-6088,162,91.2,2/8/1986,"Jeans Unlimited",573-74-5482
American,2997,White,Stacy,J,"1332 Roguski Road",71003,StacyJWhite@jourrapide.com,Hishostright,318-258-6272,168,75.8,1/14/1993,"Levitz Furniture",663-05-9127
American,2998,Outlaw,Maria,D,"4049 Thrash Trail",75207,MariaDOutlaw@cuvox.de,Prebot,903-551-3067,163,66.8,8/6/1998,"O.K. Fairbanks",454-88-6325
American,2999,Ball,Andrew,M,"339 Friendship Lane",95054,AndrewMBall@fleckens.hu,Preple,408-555-8718,174,71.1,9/13/1972,"Pantry Pride",625-86-2783
American,3000,Derringer,Carl,K,"3962 Neuport Lane",30120,CarlKDerringer@armyspy.com,Ingichis,770-382-3639,174,80.3,3/26/1970,"The Royal Canadian Pancake Houses",672-18-7999
